p cnf 200 20
-6 -3 -2 17 11 13 -7 19 -15 -14 -12 8 5 14 7 9 0
-5 1 16 7 -8 8 19 -14 3 -17 5 -1 15 6 -18 10 0
-11 13 -9 -18 3 15 16 -2 7 4 6 -4 -16 19 2 -8 0
20 7 -10 -20 15 1 5 -12 -1 -18 18 -19 3 -4 -2 10 0
12 -18 14 -10 20 17 -6 -15 7 -14 2 -16 -12 -3 8 -9 0
11 -19 -12 -9 8 5 -18 -5 -15 -17 17 15 3 14 4 -8 0
7 4 -15 -7 10 -13 -4 -19 -10 19 -2 15 -1 -16 -5 17 0
16 -9 14 -2 8 4 -17 -20 12 20 9 -18 -11 -13 -19 -6 0
8 -3 6 -5 7 1 -4 -7 18 19 14 -18 -14 -1 -8 17 0
2 -8 -15 14 -10 -16 -17 19 -11 6 -1 -3 18 8 -14 -19 0
7 -9 -17 -10 18 -11 -7 20 4 19 15 -16 -15 -1 2 -18 0
-5 -19 4 16 8 -16 -15 -10 -8 12 14 -20 -13 -3 1 13 0
9 11 -14 -12 -10 -8 7 10 -18 -20 -17 -16 17 13 16 18 0
13 -2 17 9 5 8 -8 -9 12 -18 18 -10 -16 20 -12 -17 0
-9 -4 19 4 -16 17 -15 -10 14 -2 -8 -14 -6 -12 12 -19 0
11 -12 16 -15 8 -17 -6 -7 3 14 -19 9 20 -5 10 -20 0
20 -20 -12 -4 19 3 1 16 -14 -18 -13 -11 -8 5 17 15 0
17 1 10 8 2 -4 -17 -6 -8 19 13 -18 -3 5 -10 6 0
15 -4 -8 -6 5 20 -9 -1 14 -16 11 2 -19 -7 -17 17 0
19 -3 -10 17 13 -7 -6 3 14 2 -19 -5 -18 -12 -2 12 0
-8 5 -19 -5 4 -4 16 10 -12 -3 18 -16 6 1 20 11 0
-10 -16 18 -20 7 19 -9 -2 9 -6 12 16 -14 8 14 -5 0
-9 12 3 15 -3 -14 -16 20 -6 -2 11 7 -8 -10 -17 9 0
-4 -14 -19 -6 -13 9 -12 12 2 19 -17 11 -15 16 -18 13 0
2 -8 -17 9 5 19 -3 20 -6 -7 -13 -4 11 -19 -11 7 0
16 5 -18 20 -14 -13 18 -2 -8 -19 -16 -10 6 13 17 -3 0
-20 10 18 -13 20 2 -4 -8 13 19 6 -9 -18 9 -2 -11 0
13 -20 1 6 -15 -17 5 17 -1 -6 -5 15 11 8 14 -2 0
5 -12 -7 9 3 8 -4 18 20 -6 12 6 -20 -8 2 16 0
-2 7 -15 4 -19 15 -12 19 -14 10 -3 11 -1 12 9 1 0
7 -5 6 17 -4 14 19 -11 20 -6 -8 5 -14 -2 -1 13 0
3 -19 -9 -14 -17 -15 19 4 -1 9 14 12 15 2 -13 -12 0
-1 -2 -3 -19 4 11 2 14 -11 -12 17 12 13 1 -18 19 0
-18 13 6 -15 -6 -8 11 -14 -17 -16 7 -3 9 -11 4 -9 0
10 -4 13 1 2 -11 -12 -20 -14 -5 15 3 5 6 -2 14 0
-3 19 7 10 -13 -11 -5 -9 -6 -14 20 -20 11 12 9 -10 0
5 19 16 -18 -9 -2 -13 13 14 6 20 -8 11 12 -17 -15 0
-11 3 9 -13 -12 14 -1 -17 -3 -10 5 -8 17 -14 20 -18 0
-3 -8 -17 2 -4 -12 1 7 -2 -16 20 12 14 8 -14 11 0
-20 -9 12 -18 -14 -10 8 -4 20 15 10 -1 1 2 17 14 0
20 -3 7 -12 6 18 1 -4 9 10 15 13 -7 -20 -17 16 0
-17 -18 14 -9 -19 -7 -15 7 -3 -20 -2 -13 -16 10 2 8 0
-13 -8 18 7 -1 10 5 4 19 12 -3 11 8 -14 -4 13 0
-19 7 5 14 -2 8 -6 -11 18 -7 6 -18 -20 -16 9 16 0
10 -7 -2 -1 -18 -3 4 5 -10 -4 20 8 -20 -16 12 11 0
18 -6 16 -5 4 -8 14 -16 -13 8 5 -15 13 -2 19 3 0
-20 -4 14 8 13 -2 17 -9 -8 7 12 -12 -14 -16 3 5 0
-14 -18 14 2 12 -16 3 -20 -6 -12 -3 5 -19 8 4 -2 0
-1 -15 5 -18 -10 16 9 1 17 6 -14 13 -2 -17 -4 19 0
7 10 -2 19 11 -4 -5 12 6 17 14 -7 1 -6 2 -3 0
5 -2 -7 6 15 -8 9 -4 -17 -10 -12 1 18 2 17 -14 0
20 -9 7 -13 -3 9 -11 -12 17 19 -6 16 -20 12 -15 -17 0
-11 10 13 15 17 -20 -16 -13 -10 9 2 -6 -9 14 18 12 0
-12 18 -14 11 -16 5 8 -20 4 7 -13 -3 -10 1 -18 3 0
1 -10 -18 -17 -3 6 15 -12 -11 3 17 -2 16 7 -8 19 0
-2 7 6 20 -17 -6 4 17 -10 14 10 -12 -19 1 -3 -4 0
15 -20 13 5 -7 -1 6 -9 7 -10 -14 12 -17 -8 -13 -5 0
20 -11 2 -16 5 -19 -9 -15 -7 18 -1 -12 -17 7 -13 14 0
-19 15 -2 9 10 -3 -16 -1 -8 -20 13 20 18 3 -7 8 0
16 15 -10 -14 8 2 -9 18 -8 11 -2 -5 17 5 -4 4 0
18 -1 5 9 12 16 11 1 -16 13 14 -15 -3 -12 -4 -2 0
19 -3 -13 -8 20 17 8 4 -6 -11 13 -18 -5 -16 -9 18 0
-5 -18 -7 -9 2 11 -3 -13 8 5 20 12 -14 16 7 4 0
10 -19 -6 5 15 -5 3 -1 -8 8 16 6 -12 14 -10 -20 0
-17 -19 13 -7 4 -16 -8 9 -20 14 8 -13 -12 5 11 2 0
1 18 -16 -20 -4 10 -3 4 19 -13 -11 3 13 -17 -18 14 0
16 8 -4 7 -12 -5 -2 17 -6 -3 5 15 -8 -13 4 -9 0
9 -19 -7 -5 14 6 -8 5 -14 3 2 20 18 7 16 -12 0
12 -14 14 3 10 -9 -8 -11 18 -6 -16 -3 15 -13 -20 -7 0
-18 -13 -19 1 7 -2 19 17 -6 2 3 -15 -14 15 -10 18 0
2 -13 -17 -10 -14 18 -1 -20 7 -3 9 6 11 -12 -18 14 0
6 -1 -13 16 -17 -19 2 13 9 -9 -16 5 -7 -3 -6 4 0
-19 14 9 20 1 -5 -7 -4 3 -17 17 -18 -10 6 -2 -6 0
17 -7 -2 10 -19 -17 18 -12 6 16 -13 5 11 -20 19 1 0
-10 -15 10 -18 2 -11 -6 14 -14 18 -4 -7 13 -3 1 16 0
7 14 6 -19 3 -16 16 17 -8 -7 -1 -3 1 -13 4 -15 0
6 -5 -9 20 -3 14 -12 -14 -15 1 -8 -16 12 5 -13 -17 0
-16 -17 20 -6 -20 7 8 -2 -10 -12 15 -18 11 5 -3 10 0
-2 17 -11 -12 -1 10 -19 -9 11 -5 -18 3 -17 -4 6 16 0
-16 15 2 5 18 1 12 -18 -11 -6 6 -5 19 3 -9 -10 0
-6 6 9 -8 3 14 -19 7 -18 -7 20 -1 18 17 -15 5 0
18 14 2 -6 -13 10 3 -9 19 -10 -5 8 15 17 -14 7 0
-16 20 15 -7 -1 -17 -4 4 7 -14 10 -15 -19 -11 8 18 0
-11 3 10 -6 8 -13 -3 18 13 -20 -5 -1 14 -18 19 -14 0
18 15 14 -2 -8 6 13 8 -4 5 -17 11 -10 -6 -12 9 0
-4 2 15 12 -15 4 -20 -12 -2 -16 3 -5 -10 17 20 -14 0
-15 19 16 -14 1 -5 2 -16 -20 -3 13 8 4 -6 6 -18 0
8 6 16 -15 2 -2 -13 17 -10 -11 -7 15 -8 14 -18 12 0
12 6 1 -18 3 -1 10 -11 5 -19 -20 2 15 -4 11 4 0
-5 -18 3 4 1 -19 11 -14 14 8 -7 -10 -2 -20 -13 -17 0
13 1 16 -19 -3 -8 10 17 -13 -11 -4 7 -1 -17 6 20 0
-9 8 20 7 19 17 9 2 18 -1 -7 13 15 10 14 11 0
12 -16 -19 -1 9 1 4 -12 -20 -6 7 -9 10 -18 5 15 0
1 -1 -7 16 17 -9 19 3 -14 -15 -8 -16 2 10 -5 11 0
-13 15 20 -14 14 -3 -16 -5 -6 -20 -4 18 -10 -18 -15 3 0
-4 -6 4 -16 -18 13 11 -10 5 -19 -5 6 10 -8 20 -2 0
20 16 -3 -20 -13 1 11 -14 -6 19 -11 -19 -12 8 -9 -4 0
-1 -14 -17 12 -18 8 5 17 -11 10 15 -9 -5 -20 -16 -19 0
-17 -1 19 2 -14 5 -2 14 16 10 -10 1 4 -4 -5 -12 0
-9 6 9 -14 4 -3 11 13 -7 1 -19 19 15 16 2 -8 0
16 -10 7 -18 -19 10 17 20 -20 -2 12 15 -17 -14 -16 -6 0
-17 -6 20 18 -12 -14 10 -3 -8 -5 6 12 2 -10 9 -19 0
18 13 -18 -20 11 16 17 15 -5 -17 5 -12 14 20 1 2 0
-2 10 -13 -17 2 8 15 -14 7 -4 -11 -12 4 3 1 9 0
-16 13 7 -17 -12 -2 12 4 -4 -8 16 -20 -13 -15 17 -5 0
3 16 -1 -9 -10 7 6 -18 -15 -19 -8 -16 -12 11 20 8 0
11 18 20 -1 -2 -9 14 -8 9 -19 15 17 -14 1 19 -18 0
12 17 18 -16 19 15 10 -18 5 -11 11 -4 2 -17 -12 -8 0
-14 4 -8 -11 15 11 -10 -20 7 3 -16 -13 6 1 10 13 0
-19 -6 -13 6 16 -12 -2 -18 4 13 11 -8 -15 -3 -4 18 0
4 -13 -10 -17 -14 16 1 -18 13 -8 10 15 11 14 -16 20 0
-6 9 15 14 -16 16 -19 -7 -4 -3 -8 -20 1 2 -18 7 0
-9 16 -17 15 -20 2 20 7 13 14 -7 4 -1 -12 -16 6 0
-16 9 15 17 1 -3 -18 14 3 2 -10 -9 -13 -17 -14 5 0
-14 -9 14 -11 -17 -13 3 17 13 7 19 20 5 18 -6 16 0
12 17 16 -10 14 13 -7 1 -2 9 -17 20 2 -20 -3 -12 0
13 7 -2 8 10 -13 19 -14 -4 1 14 20 17 3 -18 -8 0
6 -10 9 -20 -4 -17 19 -15 -6 -18 7 -13 16 -8 20 2 0
-20 1 -17 -5 14 8 -16 19 -14 -18 -1 -2 16 -11 -15 5 0
-19 -17 -4 4 -9 1 16 17 -10 -20 -7 12 7 2 3 -5 0
-18 6 -2 -10 2 -6 19 4 -20 -7 3 -12 -17 17 18 -5 0
13 -11 15 -6 20 -10 4 12 -14 -7 -20 5 6 -4 11 -19 0
7 -19 10 -1 -14 -17 12 3 -9 16 -16 -5 14 17 -12 -2 0
10 -19 8 5 -5 16 20 -15 -12 -16 6 -10 14 -11 17 -4 0
4 -18 14 -12 1 -16 8 -17 17 9 -11 20 -15 5 -4 -13 0
-17 3 8 20 -1 -14 9 -15 11 5 -8 -7 14 2 7 -6 0
-18 6 5 -15 4 14 8 12 -10 19 -12 -1 -14 -8 17 -9 0
1 10 -9 -6 -18 -11 11 13 17 -19 -5 -1 8 14 6 4 0
12 -20 6 2 16 -18 -14 14 3 4 1 -17 -9 -15 -19 13 0
18 19 -18 20 -3 4 3 13 2 6 7 -16 -9 15 10 1 0
-2 -3 -10 10 -7 -12 8 1 -11 17 19 7 -9 20 6 18 0
-5 11 14 -14 1 17 3 -13 15 -11 -7 5 6 -1 9 -20 0
-13 5 7 4 9 -5 -9 12 14 16 -17 13 20 15 -15 -11 0
17 4 7 16 10 15 -19 9 -7 -14 1 5 2 -5 -13 -8 0
1 9 -7 -19 -20 20 11 -2 -4 -16 4 16 7 -11 12 -1 0
-9 13 -16 12 14 10 16 -11 9 19 -6 -15 20 -8 -5 5 0
-1 6 5 -4 -20 15 17 -17 -11 20 3 8 -19 -9 -10 2 0
-20 13 6 -18 -19 7 19 20 -3 17 18 15 -9 3 -16 -11 0
1 -14 -3 15 -5 -9 11 -10 4 -19 5 17 -20 -13 10 -15 0
2 9 -19 10 -6 1 -18 -15 16 -5 -9 -4 5 8 12 15 0
11 -17 -7 18 -9 13 8 4 -11 2 15 -19 -16 14 -6 9 0
-17 -5 18 -12 7 11 -1 -11 -19 -15 13 16 -14 3 -16 19 0
-12 14 -6 8 -7 15 12 2 -13 -4 -15 1 11 19 17 18 0
6 -5 16 9 15 -12 -17 5 3 8 14 4 20 19 -19 7 0
-6 -17 5 18 8 15 -5 6 16 -10 -3 11 -1 4 -18 -12 0
-9 13 17 -13 -10 7 5 9 -1 20 -19 -8 -14 18 -18 6 0
15 -13 -16 -11 -20 -8 13 1 5 -4 7 -15 6 -5 -12 4 0
-19 -12 1 19 -17 12 18 4 -2 13 -3 -4 -18 -10 -14 20 0
-1 -12 -7 -9 16 12 -4 9 -8 -10 -13 -16 17 10 7 1 0
-9 12 20 -18 -19 -6 15 -14 17 19 10 -5 -2 4 6 -8 0
-12 7 15 -8 -10 -7 12 -16 16 13 1 10 6 -19 9 -20 0
4 -12 20 16 -4 2 3 10 -7 19 -3 -6 -18 14 -16 -10 0
-8 7 -15 13 -2 -14 5 -5 -1 -6 4 -19 6 -16 1 -4 0
-12 17 13 10 14 -2 -1 12 -16 20 -15 15 -18 -8 -10 -7 0
6 -11 -18 3 8 -12 -14 -15 12 19 -3 -17 14 18 -4 -16 0
-4 -2 4 -16 9 18 2 -6 11 -7 6 12 1 15 -19 -13 0
4 1 -5 17 10 14 16 -12 -1 -6 -11 13 -17 3 12 -20 0
3 -20 1 2 -17 13 14 -7 -15 -10 6 -12 -4 -5 10 -9 0
-14 -17 -7 7 -6 9 1 -4 5 14 -8 -20 -19 19 17 8 0
-20 17 -4 16 -5 -1 6 -7 19 2 -19 9 13 -6 -14 11 0
-11 -19 -8 17 15 2 3 16 -15 -10 -12 -20 -14 -16 10 -7 0
-4 9 -14 11 4 -20 -1 -9 -8 3 20 -10 -13 -3 8 10 0
9 7 8 -4 -13 2 10 18 -10 -5 14 -19 -1 19 4 -2 0
11 -3 19 -13 10 7 -10 -18 -11 -8 13 16 3 12 15 9 0
-19 7 -12 -20 -16 -9 2 -11 10 -7 17 4 -15 13 19 -14 0
-2 6 12 5 2 13 3 -18 -19 -3 8 17 7 9 18 10 0
1 -4 3 9 14 15 13 -20 -14 19 -10 -9 11 -3 -12 -1 0
-2 9 -3 -18 -5 -10 -8 -19 15 -12 -1 -15 -20 20 2 19 0
15 18 9 -15 -13 20 5 8 1 -20 -9 -8 11 -7 -16 -1 0
8 -18 -8 19 -4 -16 16 -20 14 2 4 5 -1 9 -7 -19 0
2 -5 -14 -1 4 20 -3 16 -6 -11 15 17 18 -9 11 8 0
18 -16 -6 -10 20 -14 5 -9 -15 10 16 -8 7 -19 -18 8 0
-16 1 -2 15 -7 2 19 6 -14 13 5 -3 14 -4 -6 -5 0
4 12 11 16 5 -15 -10 19 17 -19 -11 -16 -2 -13 -1 10 0
-13 -7 3 -20 -11 8 -12 -6 18 6 5 -2 10 -4 14 -16 0
-3 5 -11 -1 -13 15 11 4 13 -7 -20 3 -5 1 -2 -12 0
20 -10 -4 -11 -13 11 -1 -9 -5 -20 1 10 8 13 18 5 0
17 4 -16 -19 -9 -3 10 6 -1 -7 16 -6 11 -13 19 -10 0
15 -20 10 18 -13 2 -12 5 8 -6 9 -17 -16 -1 20 17 0
10 -12 -11 -7 5 11 -6 -13 -8 14 -14 8 -5 3 -18 -19 0
3 1 -11 -10 -2 -7 8 5 -3 6 -4 16 4 20 -17 -20 0
20 1 -6 -5 -17 -3 -9 19 18 -8 -11 -13 16 -18 13 10 0
-6 11 -7 -2 6 -16 -3 16 13 -11 12 -14 -1 -4 2 -13 0
-5 13 -20 -8 16 -9 2 7 -14 14 18 5 -11 10 -4 20 0
16 6 13 -11 3 -20 20 5 1 -10 -7 -19 17 7 -18 15 0
-17 8 -11 9 -13 -16 -6 -19 2 6 -2 20 16 18 4 -4 0
1 5 -20 -4 12 16 3 -8 -19 -17 8 7 -3 19 15 -18 0
6 8 -13 -8 -16 -2 3 2 1 20 16 -4 14 7 15 -20 0
-11 9 -12 -3 3 15 -2 2 -20 4 14 13 5 -7 19 8 0
17 -18 20 -10 4 -19 11 9 -15 -1 12 15 -6 -3 14 -11 0
11 8 -14 13 -11 -13 2 -9 6 -10 -3 19 9 16 20 17 0
10 -2 18 -9 -6 19 -14 3 15 -17 20 -20 -3 4 2 -18 0
-16 2 9 17 -13 14 16 18 -8 -20 -12 -19 12 6 5 7 0
-4 18 15 19 -13 -3 12 10 13 1 20 -15 -17 -16 16 2 0
9 5 10 -13 6 17 -12 13 20 -3 1 15 19 -4 -2 -11 0
-8 -15 15 2 13 -12 -19 -2 -13 -6 9 17 -1 18 16 5 0
13 -13 14 15 5 1 -20 12 -19 -8 -4 -7 -2 2 -17 -10 0
-11 20 19 9 -13 17 13 7 -1 12 -17 -14 -5 4 6 14 0
19 7 17 20 15 -7 14 -18 -5 6 9 4 11 -13 13 5 0
-4 16 -19 9 -20 -3 3 17 20 -6 8 -8 10 -12 -17 -11 0