p cnf 100 20
12 16 -13 -9 -17 -6 19 11 -2 -4 10 1 -19 17 -11 2 0
-4 -7 1 -18 -13 -14 -11 13 6 -2 -5 10 -12 -16 2 8 0
4 20 5 -7 -6 6 14 -2 7 17 -16 10 18 11 12 -10 0
4 1 -9 -18 8 11 9 6 -15 3 -12 -6 19 -2 -11 12 0
9 -12 11 -3 -20 2 18 -8 -16 8 20 3 6 5 -1 -13 0
-3 -17 -5 -6 -15 8 18 -16 3 -20 12 -12 16 -13 10 5 0
-6 -2 -15 1 -4 8 -9 13 -13 -5 -11 -14 20 9 -17 -10 0
4 14 -10 -1 9 -17 -2 19 -7 5 -14 -5 -9 3 -18 13 0
-1 19 -15 -19 5 16 -4 -17 -12 -2 3 17 -8 2 7 -3 0
12 3 -3 -18 -10 1 16 19 8 -13 -2 15 -1 -14 20 -11 0
13 17 12 -10 -12 -9 19 11 4 -19 5 -18 -3 9 -5 18 0
19 20 -15 -10 -14 -11 -6 -7 -9 -3 5 -19 -13 14 17 -18 0
-4 2 3 1 7 6 17 -19 20 -1 -18 11 -17 -11 -6 -7 0
-5 -2 12 7 3 8 -3 9 -10 -6 -8 -15 15 17 -12 19 0
-7 -2 18 12 6 -10 -4 -14 19 7 -12 4 17 13 1 -20 0
20 -20 -4 -3 17 13 10 1 19 6 -14 -17 -19 -13 -18 -6 0
-15 7 -10 -3 8 -2 -4 5 -7 1 -17 18 -19 -6 20 15 0
12 4 -10 7 -4 1 -12 -7 6 -8 -16 20 16 -17 -6 17 0
-13 18 -15 -10 -4 16 11 9 6 20 4 -18 -14 2 -17 -11 0
-12 19 -5 -7 -6 -15 -4 6 2 13 -20 -1 -19 -3 -18 -17 0
8 -20 -15 -16 11 -9 -18 -11 3 14 16 -19 19 20 -4 -10 0
-4 -6 -2 -7 5 -8 6 -11 16 14 -16 9 15 3 -9 -1 0
4 -11 11 1 -12 -13 6 -20 -3 -19 2 18 -9 -18 -8 12 0
20 19 2 11 15 3 14 -14 -7 9 18 -17 -10 7 -13 8 0
-2 11 -19 -3 16 3 12 -8 -14 -1 -12 14 10 -16 -4 1 0
-6 19 -8 -16 5 14 -20 1 20 -1 -18 -15 6 -4 -3 -7 0
-10 3 -19 7 -18 18 14 6 -1 19 17 16 11 9 -6 2 0
-15 1 -3 -18 4 -10 -5 8 -8 -9 15 -16 18 -11 -17 16 0
10 18 -20 -18 6 11 -12 12 7 1 16 9 3 -1 -11 -8 0
-15 20 -9 1 -19 9 -13 5 7 -4 -20 19 15 4 10 17 0
-13 -6 -1 7 -5 -8 8 15 -14 1 9 -10 -2 -16 20 -12 0
3 1 13 14 -19 12 8 15 6 -5 2 -18 19 -20 -9 -14 0
4 14 1 -13 20 -8 -1 6 -20 -11 9 -4 -16 11 12 -17 0
17 6 -2 19 8 -5 11 20 -13 1 12 5 -20 3 -3 -17 0
5 -9 7 15 1 -4 13 -6 -10 -2 -5 -19 -11 -13 18 19 0
5 3 -18 -9 -2 -5 9 2 16 -15 1 20 -4 -3 -19 14 0
7 -19 -20 -18 6 9 -11 10 19 -6 -5 20 5 3 18 -14 0
-4 4 20 16 14 -20 13 -14 -2 10 3 2 -3 -11 18 -12 0
9 10 -10 -19 14 6 19 -1 -9 4 11 8 2 -16 5 -5 0
-15 9 14 -13 12 6 -8 -5 -11 20 15 -1 -3 -6 -7 -18 0
18 -2 15 -16 -18 -3 3 12 -12 -11 5 10 4 -20 17 8 0
9 -11 -12 8 10 16 -19 5 -3 -2 -9 -13 17 12 -18 15 0
-10 7 3 -7 1 8 4 17 10 -11 -2 -19 -3 19 14 12 0
4 14 -12 -1 -4 17 12 -19 -2 11 20 -9 -5 -3 9 5 0
4 -10 8 18 -2 -1 -19 -5 -3 -4 11 -9 -11 7 -14 10 0
20 -11 -18 -8 -7 -4 4 19 15 2 13 18 5 8 3 9 0
-19 18 -7 10 -16 -12 15 -10 8 -13 -18 -9 2 -1 -17 7 0
8 18 16 -10 -7 -19 17 -16 10 4 -6 20 -20 -14 1 -17 0
13 18 3 -1 16 -6 -10 -17 2 8 -19 -20 11 10 -7 -15 0
-10 -7 -11 3 14 13 10 19 -12 -19 11 6 17 7 -5 -14 0
-6 -13 17 16 1 -9 -4 5 -15 3 -11 14 -10 -17 13 7 0
-16 -15 7 5 8 19 -7 11 15 -18 -11 13 14 -8 20 -6 0
1 20 -8 -17 -11 -15 15 -10 -7 -9 17 -14 -6 11 3 18 0
-4 11 -12 12 -13 -9 20 18 8 5 -3 -19 1 2 3 -2 0
5 3 -2 13 15 -17 16 10 -3 4 -15 -1 2 -18 -16 -11 0
15 20 12 17 19 -2 -17 18 -16 13 2 -18 4 -7 1 -1 0
-2 -17 -9 11 3 4 -16 -11 13 14 1 15 17 -18 9 -19 0
-15 -12 -20 6 14 -9 -11 -2 13 10 -18 -5 17 -17 -1 -14 0
-16 11 -17 -4 9 -3 2 -8 6 15 -12 5 -5 20 19 10 0
20 -12 -9 -10 -19 -18 9 11 -3 14 -8 -14 5 6 -13 -20 0
-15 -17 -12 -20 -5 -13 6 9 1 11 -2 -10 5 14 -7 17 0
4 -19 -6 11 -7 -11 -2 10 2 -1 15 -14 -16 6 12 9 0
-3 19 -8 13 12 -2 1 2 -7 8 6 17 -15 -19 11 -10 0
11 20 13 -6 9 18 5 1 -17 -16 4 -10 -14 -20 16 8 0
11 -6 -18 16 -12 9 -16 -5 -14 10 -20 19 7 -11 -15 -4 0
-16 1 6 16 13 2 -12 -20 17 -5 4 -2 7 8 19 -6 0
14 -15 5 -8 19 -17 16 -3 13 -12 6 -13 18 1 -4 -7 0
-6 6 -19 -20 8 3 5 -1 15 -10 -12 16 -18 18 1 -5 0
11 20 -2 14 -4 17 -6 9 -18 -16 6 10 -17 18 -3 13 0
19 10 2 4 12 -5 11 14 1 -20 -3 -14 17 3 8 -8 0
-4 9 4 11 -15 -8 12 -5 -17 -7 17 20 10 6 -1 -2 0
-12 2 12 13 1 6 11 -8 20 -16 -11 5 -17 -1 -4 19 0
-2 18 4 15 16 -10 -17 -19 10 7 -4 -20 -9 -8 -12 12 0
-19 8 4 -18 -5 6 3 -8 11 -11 -7 2 -9 -3 -16 17 0
14 4 20 -16 -14 -18 17 18 15 -9 -1 -2 16 -13 11 13 0
-10 10 -2 5 2 -15 18 11 13 20 17 16 -11 -5 4 -17 0
13 4 15 6 16 -1 -14 -9 11 18 5 20 9 2 -10 -18 0
-2 5 15 16 -3 -7 -13 19 17 7 -5 -20 6 10 4 -14 0
-17 11 7 -8 10 -19 -15 -3 -11 6 15 5 1 9 -9 2 0
19 9 10 -11 -19 12 -3 6 2 -6 -17 -5 17 -18 14 5 0
11 9 -18 -9 -17 -6 -4 -5 -19 6 -12 -13 -16 -1 10 14 0
8 9 -9 -16 4 -4 6 -15 10 13 -12 -6 -19 15 -3 -2 0
11 -20 -1 15 -16 19 -7 -3 4 16 -12 -19 6 -2 -13 -9 0
13 20 -3 -5 3 -10 10 4 -6 6 -15 -16 -20 2 19 12 0
20 -15 8 -2 4 -3 -12 -19 6 -17 19 3 -13 1 -1 16 0
7 12 1 9 -8 13 18 5 -9 -19 -11 6 -4 -10 15 -20 0
19 1 -3 2 -19 9 -20 -12 -2 -11 -13 16 3 20 -9 -10 0
-11 -18 -6 16 6 -9 -12 -14 12 -19 5 11 -20 7 -3 18 0
-5 -4 11 -13 -7 -6 2 -19 -18 16 19 -2 -12 17 5 3 0
-11 14 -5 -4 12 -16 -8 -2 1 15 4 19 11 2 18 6 0
20 2 10 1 12 -11 -12 -7 3 7 9 11 8 16 -13 -1 0
-7 4 -16 2 -1 14 1 -12 -17 -8 -10 9 -13 -9 -14 -5 0
-9 -19 -6 15 20 -16 18 9 11 13 -5 -20 6 -13 -12 8 0
20 -19 1 19 -11 -5 18 15 -4 -3 -10 -8 3 -6 12 -14 0
-17 1 -9 16 9 20 -11 -13 19 -6 -5 2 8 -15 4 -2 0
15 16 11 2 5 19 -3 10 -4 -17 -6 20 -20 -9 17 8 0
12 6 13 16 20 1 -9 9 -5 -15 11 14 4 -16 -12 -14 0
-4 9 -10 11 20 -13 10 3 -11 -7 -8 -16 -18 -3 7 -5 0
17 5 -13 12 13 -19 -11 -17 -5 11 8 -4 19 -15 -7 -14 0
3 20 -20 10 17 -13 1 -11 -2 12 -12 19 -16 -10 -7 -3 0