p cnf 400 40
-4 11 -19 -33 13 35 16 39 25 -35 12 -26 23 -6 -30 -9 32 -17 7 9 38 -27 18 20 2 -37 -20 -5 -2 -21 10 19 0
3 -18 -14 35 30 -7 -11 -36 1 31 -6 -27 -17 -32 -8 33 -33 32 18 -20 -22 24 -12 -28 -26 -34 20 -21 -1 34 10 -29 0
36 -1 -31 1 25 11 28 40 39 -14 -5 35 31 26 15 -20 -34 -21 32 18 -6 4 20 -38 -30 -32 22 9 13 -2 -13 -26 0
11 33 16 30 -37 -31 2 -24 -9 -20 14 22 -23 29 8 -39 25 27 5 -4 32 -40 -2 -26 -22 6 17 19 -28 -12 -38 3 0
-16 29 11 32 30 -29 -8 -28 -13 -23 15 -38 -12 2 -34 -21 34 -19 20 -20 13 -40 6 38 33 35 1 36 -6 -9 -15 -17 0
-24 14 -16 9 -8 7 -21 -19 -1 -37 33 -32 -40 -23 -17 -39 16 20 -29 39 -5 4 17 -27 40 1 38 -33 34 3 37 31 0
-5 -1 37 14 16 -24 31 19 11 5 -35 -22 23 -27 15 10 -15 -31 -29 -37 -18 32 18 35 -25 29 30 13 -12 -32 9 -17 0
-10 -19 -16 -27 7 -23 25 -29 34 38 12 -22 -1 -13 9 -33 19 26 -25 -9 -38 37 -37 -17 27 13 -5 -31 36 -35 11 29 0
-34 -26 18 26 -9 -28 30 -1 -8 -30 -27 8 -29 2 7 9 -4 24 22 -10 3 -39 -33 -35 -14 38 -32 -24 4 -38 17 12 0
12 7 5 -35 -38 8 -5 -16 32 -22 4 -9 -21 3 28 29 -1 -24 -15 14 -27 10 1 21 15 19 20 2 34 -20 13 40 0
-14 3 40 38 -40 -22 -4 -27 -23 9 -6 11 29 36 32 -8 10 34 -1 17 -7 -15 20 -26 -36 -3 -29 -11 27 7 19 -31 0
5 -1 -10 35 19 29 26 -9 -27 -7 15 -34 12 -40 -6 -24 16 -15 10 -2 -38 -31 1 7 11 23 -11 -18 9 -39 31 14 0
14 29 2 -28 4 -30 9 -7 -23 -34 27 -37 23 35 10 21 -13 -27 -14 -9 -2 -3 18 37 -6 25 22 -12 24 34 3 33 0
7 -4 11 -24 27 34 25 24 -10 28 36 -5 -16 5 16 33 37 40 -1 -25 29 -20 -32 -18 18 10 -26 8 -39 -13 13 9 0
-39 12 -10 -20 -13 13 40 -22 -38 22 39 -3 32 -35 -29 -5 21 -33 8 -32 -40 -30 -12 -28 -8 20 -25 35 28 31 37 -24 0
14 33 26 -8 15 35 -24 38 -40 17 -2 -23 -17 -19 -1 3 7 -29 29 20 40 39 11 -25 -13 -34 -14 -27 5 36 -39 -3 0
14 20 -13 3 18 31 -39 15 38 28 34 -9 8 -2 25 -7 -21 -6 13 5 -1 -36 -32 12 -35 -23 -4 -24 2 -27 30 17 0
7 -27 29 -21 -14 -10 -36 -13 -26 6 -6 2 30 10 -35 14 4 27 -30 38 -18 17 35 31 -19 -22 12 -33 9 1 26 24 0
1 5 -38 26 -14 2 -35 -32 -10 13 -33 -34 32 -36 -13 -37 33 -5 39 -18 37 -1 3 30 24 -6 -2 -27 -11 -3 15 -7 0
-5 -40 6 35 -34 -17 -26 23 -25 -36 15 9 -15 -14 34 -28 32 -19 38 -33 -31 -8 19 24 -39 -30 -10 -27 -11 40 -22 18 0
13 36 33 27 15 21 26 25 -14 -27 -38 5 -22 -36 -19 -40 -30 -39 23 14 -17 12 40 11 -20 -33 -31 9 37 -2 -9 -34 0
-16 29 33 15 -25 8 -1 12 30 -40 -8 -4 -18 1 -17 27 -12 -10 28 20 26 -29 22 36 10 18 -7 -37 -11 -13 -26 5 0
-23 -24 4 15 21 -7 -40 -6 -22 -9 -26 38 -15 -33 29 11 10 -29 25 5 -35 -13 -32 -11 40 17 35 32 8 24 -19 30 0
31 9 -39 -7 8 -29 12 38 -24 32 4 19 -22 -35 10 -4 28 25 22 -21 -34 15 17 -10 16 14 35 39 11 5 -32 40 0
3 -20 30 31 -38 -32 2 -13 -19 -36 -40 -6 -7 -35 32 -18 29 -4 11 37 22 17 10 1 -22 6 8 -15 -31 35 -5 36 0
-13 12 -32 26 4 -4 -29 -24 8 -7 27 -1 -34 -39 13 17 -10 35 20 -9 31 -26 33 -30 -37 -3 36 25 -8 24 -23 18 0
24 10 5 -34 -13 29 36 -14 34 28 4 -32 -20 9 -9 2 -3 23 22 37 -11 14 -21 32 -33 -15 -38 -35 -31 35 39 20 0
20 -1 -28 -15 39 -34 -32 17 -17 -30 34 -37 2 -10 12 31 -25 -14 36 13 22 -18 -31 -35 28 -9 -19 21 23 -11 15 -5 0
-1 -35 12 -3 39 -8 5 -38 23 -23 26 -39 36 -16 17 -7 -37 -40 -21 11 -10 13 33 -4 9 6 -27 -29 19 31 40 -22 0
40 -19 -28 18 8 4 -34 29 5 -7 25 3 -30 -2 -35 34 -16 12 37 21 22 28 23 -12 -27 36 11 -23 -26 -36 -37 17 0
-9 -29 12 23 28 11 -3 -20 -16 6 -39 -22 35 14 30 33 20 17 -37 2 -11 1 16 -35 32 -13 -15 9 -25 -19 5 7 0
-7 7 1 12 -33 30 28 19 24 8 -2 22 -40 16 -22 2 -21 -31 14 -24 4 25 -27 11 -6 -28 17 -39 -19 -32 -30 -3 0
-1 13 -38 -15 15 -6 26 -10 30 -9 6 35 27 32 36 -31 -24 7 10 -26 -20 39 12 -18 22 -19 38 -2 -39 -3 17 -17 0
39 32 4 24 -15 1 -40 -37 -8 19 33 -31 23 -34 31 -32 -12 -13 -17 21 5 -39 -23 -3 3 -38 -2 40 9 8 14 34 0
6 -19 3 -20 25 16 -34 21 38 -35 -5 40 -8 18 -32 -22 30 8 17 -29 -37 -3 15 19 11 -14 32 22 -17 -11 -36 2 0
25 -34 26 8 -37 -16 28 1 -21 -15 -3 20 -22 -13 -5 4 40 -4 -10 3 -23 -26 14 -35 -11 -24 -19 -2 36 12 10 33 0
15 10 4 28 -3 11 34 21 32 19 2 5 -30 -12 33 -9 13 -1 -19 -2 31 -10 -20 -4 38 22 -18 27 -11 -37 -22 -16 0
31 30 34 -4 9 28 24 8 5 -14 17 -3 -39 11 33 -23 -15 -28 -32 -34 40 25 -27 29 2 -26 -38 18 22 7 -17 12 0
13 31 20 -19 11 -33 39 1 -24 -12 33 -28 16 -4 -34 -40 9 2 -3 -27 -39 5 -16 40 14 26 -22 -13 -26 -6 -38 -8 0
-14 -25 20 15 22 27 10 -16 -30 40 -15 -32 13 -19 -18 -5 -33 14 -29 -6 11 6 -23 -21 -27 -7 -17 -9 31 12 25 -3 0
10 34 -23 35 25 7 27 -3 -16 6 16 14 -24 -4 -30 20 8 12 -33 2 -22 -34 -20 -38 -28 -12 32 5 -1 -14 38 30 0
-12 25 22 -4 -15 38 -18 -37 -39 -10 -29 -38 30 -28 -17 3 27 31 -26 -33 -27 39 33 37 -19 26 -20 16 -21 -14 13 8 0
10 -22 -15 -17 7 -29 40 29 -24 14 35 -19 3 -23 5 37 -12 -13 -1 36 12 20 25 34 -9 -3 18 -31 30 33 -8 31 0
14 -14 9 3 -36 -34 35 7 -6 31 18 22 23 39 -4 -37 20 -35 -39 -17 -8 24 21 34 -30 6 -22 -23 16 -10 -19 -16 0
13 -36 31 24 -10 -11 30 2 -3 -28 22 -31 1 11 20 8 -29 -21 21 17 38 -13 29 -18 -22 9 35 4 19 37 28 -40 0
-10 39 -30 15 13 24 34 -15 40 33 4 2 -32 22 -7 -34 -3 14 -40 -20 26 -18 29 25 17 -17 -4 -38 -1 -19 -16 -27 0
-25 -19 36 34 10 33 -24 -12 -8 38 -6 16 -18 35 9 -17 -14 -2 23 -32 17 -1 19 22 27 -34 4 -16 12 -37 -15 -29 0
16 31 -14 19 -6 -38 -21 4 -20 -29 40 -4 -32 -30 36 -33 -9 -37 -15 25 7 29 -11 30 21 -2 -35 -1 2 38 5 -13 0
-26 24 32 10 35 3 12 -25 9 31 -16 -31 40 23 38 29 -38 -2 -7 28 -18 7 18 34 11 2 19 -39 37 -21 -11 36 0
-15 14 -17 -20 -32 32 -1 1 -40 -39 36 -30 31 2 28 -35 4 -16 38 16 37 29 -36 10 -37 9 -23 -4 27 -18 24 19 0
2 30 -19 18 -28 37 -3 27 39 -16 -29 -26 -23 -17 5 -4 -9 -1 31 -34 8 -21 26 -6 -38 22 24 -5 -14 -37 -8 -35 0
4 5 -11 21 32 18 16 -24 -14 -31 -36 -25 11 -38 39 -20 19 1 36 8 -18 15 -16 14 -34 -32 -7 -27 35 -23 13 -26 0
-3 -37 39 25 4 -19 11 -21 10 16 -36 40 -29 12 17 6 -18 -7 13 -26 -40 -1 -33 -20 31 19 38 37 18 -17 21 -11 0
35 10 -6 21 14 -17 1 40 18 19 27 -30 -8 9 -14 -12 32 -13 -15 33 -38 11 -4 -28 -23 -33 28 7 -39 -35 -26 -29 0
-13 3 -14 -40 -36 -29 -25 -37 -18 -38 -9 9 -30 37 35 -35 5 16 -2 38 4 -20 -31 -11 26 20 36 25 30 6 27 8 0
-33 24 23 -16 -13 34 10 20 -23 13 38 -25 28 -37 5 -27 -17 -40 -21 -32 19 40 -31 3 -4 -20 31 -3 33 12 39 6 0
4 31 -20 -33 -10 22 26 -34 -25 -19 23 -39 39 10 27 -28 -7 37 -16 -12 11 -29 -27 -5 -32 2 24 29 32 38 -3 -35 0
27 -36 15 13 -11 22 -32 -6 8 -19 21 12 38 5 -16 6 23 -37 -18 -13 4 -29 25 17 19 28 9 -33 -34 11 -31 32 0
19 -37 -23 38 -18 3 29 -7 32 20 5 -9 22 14 28 4 -21 -30 -20 37 34 30 -24 16 15 11 -4 -26 -28 -14 2 21 0
-39 22 19 23 -38 -33 2 -24 16 -6 11 -23 -3 -9 36 -12 29 -40 -11 -21 26 -5 30 3 -27 -25 31 20 12 -30 -34 25 0
30 35 34 26 10 -36 -10 -12 -9 1 -15 -29 11 -31 28 -13 -26 -37 40 -14 -6 19 -18 -28 -22 -16 15 31 -2 13 2 21 0
-5 7 -31 3 14 -14 30 -33 39 31 -24 25 23 -34 22 4 18 34 -13 2 36 -36 15 -22 21 -27 33 -16 -23 -35 -18 -4 0
16 18 -25 -29 3 6 -7 34 -23 23 -6 12 28 -38 -31 -16 24 -19 -24 26 -15 -32 29 -33 22 -39 38 -28 40 33 -14 -35 0
19 -4 -12 27 -20 30 -17 25 -1 2 -16 29 16 -24 6 40 -10 -30 38 7 31 -25 -9 28 -18 22 32 35 8 -31 -8 10 0
33 15 -36 7 14 6 25 2 -19 -28 -29 -31 -35 -38 24 10 5 -26 -33 16 -8 -9 11 -34 37 -1 29 -14 -23 -24 23 -4 0
-11 39 -21 -33 -1 11 -9 -20 -6 23 -29 -13 -10 8 7 12 22 -40 2 -30 16 -35 13 17 -36 35 -23 -24 -32 5 29 21 0
-9 25 7 23 29 -33 -39 -6 8 -10 4 -36 28 -40 -28 34 -16 26 1 -1 33 -23 -31 24 36 3 14 -26 12 40 -8 19 0
3 -37 -7 37 -18 -39 24 -25 36 33 -14 21 -20 -1 6 18 12 -15 -12 -40 -38 40 4 22 17 -16 8 -29 38 35 -21 1 0
19 -4 5 -11 -36 36 -5 -13 -1 39 -6 -28 11 15 -10 -34 20 -24 -15 -12 3 7 -17 -38 34 9 12 -26 -30 -7 35 26 0
16 -23 -14 -40 -24 31 -11 36 -8 7 -31 -30 -19 -28 -15 -16 27 -26 6 12 14 37 28 23 -1 -21 21 9 22 17 -25 -10 0
14 31 4 36 16 -31 26 -10 39 -17 32 -39 -14 -23 -9 -15 22 24 -11 34 7 -13 -2 6 28 8 27 13 -40 -25 10 -36 0
-12 2 -20 3 17 32 25 -2 30 20 -18 1 21 36 26 -22 -27 23 -6 10 8 -26 19 28 -9 -24 -40 5 18 -39 24 -25 0
7 -33 17 -18 18 -5 23 -22 21 20 13 -32 16 11 -9 25 2 30 -10 -16 8 33 32 28 -17 -3 -26 -6 -30 27 -13 -24 0
-38 7 11 -20 -23 4 -2 -13 35 18 14 -28 2 -11 36 40 -18 32 26 31 22 6 24 -17 12 -19 15 -9 -31 -21 38 27 0
29 9 7 2 36 18 14 -2 -36 19 38 -30 25 -4 -5 3 -35 4 -39 21 6 -29 22 -14 15 27 40 30 -21 -17 -26 23 0
6 37 -40 -12 22 -39 -9 14 -35 36 32 25 7 17 1 33 23 5 -4 -20 -7 -17 31 29 3 30 11 -21 39 -30 -8 13 0
-22 20 -31 -39 -14 -36 25 15 -5 -15 -19 -10 -13 -18 -27 -32 27 -28 13 24 -33 -6 21 2 -7 23 5 35 34 32 11 -16 0
-24 -34 -5 -1 -37 -38 19 -28 36 -32 -22 35 16 17 32 13 3 25 8 -26 -30 -35 10 23 -27 -40 -2 33 18 -11 -12 -14 0
18 22 -14 14 -24 17 -16 -6 26 -35 -5 1 5 -21 -31 8 23 -34 -7 32 28 -1 19 -38 25 7 -20 24 33 16 -30 -33 0
8 -21 1 34 -9 -27 22 -12 30 4 14 23 26 -38 -8 -17 -2 28 -3 15 16 -24 -16 7 -29 6 -28 -13 -7 -37 2 38 0
-34 24 22 -11 21 28 6 1 38 5 -5 35 -7 -1 -19 9 36 -37 4 -29 -17 -24 -15 30 23 -40 -6 -30 -28 -33 39 31 0
14 29 2 -16 -22 -1 11 -18 36 22 -2 -10 -5 26 34 -6 -26 -12 -27 28 -40 -4 27 -36 -30 13 -24 3 9 20 32 -37 0
22 11 9 -11 -18 -4 -31 -25 16 -32 -39 23 -3 -38 -33 -8 27 -7 15 2 -13 40 -19 17 -22 37 38 33 12 -37 4 21 0
-33 -16 7 1 34 -35 8 -32 -26 12 2 28 27 -4 25 29 -1 21 -19 -22 -40 31 -9 18 -20 -27 -36 -10 16 -18 -38 -28 0
-28 -31 33 -15 -17 3 -3 -18 15 12 19 -26 22 -37 -27 -32 10 -30 29 -10 -9 37 40 -34 9 7 35 -40 -19 11 31 -35 0
25 40 -29 36 8 12 -27 15 -32 35 -26 -12 22 -38 -40 21 -21 -18 29 33 -20 -2 37 -34 -28 -8 13 -17 20 19 -15 -16 0
-3 6 -1 9 13 -9 -5 23 19 -18 5 37 34 40 21 -7 -28 18 3 -11 -33 1 -35 -21 -25 11 -12 39 -32 17 8 -13 0
-34 -9 -26 -16 24 32 15 -39 -18 23 6 28 -20 27 -11 39 -17 33 16 -12 38 17 9 -25 40 14 -19 4 -24 -29 29 -40 0
22 34 -24 -8 5 -26 24 -9 -14 -28 -39 19 -20 31 -30 27 28 18 8 35 -32 -16 15 37 1 -6 -19 12 -4 -12 32 21 0
-26 -10 -12 -22 18 -36 28 9 -3 19 5 -2 -37 -5 38 -35 -15 -28 -16 -34 32 37 -1 40 33 1 36 -23 -21 -24 23 -39 0
27 21 -38 -31 37 -14 29 -35 25 -20 -18 -17 -21 -40 36 -3 -6 40 4 16 -27 28 23 12 -9 -4 26 -37 -36 14 18 -10 0
34 -37 -9 38 3 -4 -31 31 11 13 7 2 12 -33 30 -30 -5 -2 -35 -12 -36 5 -21 -16 26 -34 -39 -3 1 -23 16 40 0
19 -21 -38 -9 17 -7 21 -16 -13 30 -35 6 -33 -29 11 2 9 -28 24 -32 29 40 15 12 27 -20 -8 -34 -19 33 38 -2 0
-3 7 -8 23 9 2 1 5 -20 -29 -28 -5 -25 10 22 19 21 -38 -16 16 -10 -13 24 -19 3 31 8 12 28 26 -26 36 0
2 -9 28 27 -6 -27 3 13 -34 -30 6 -10 8 18 -14 39 10 20 25 26 17 -35 23 -7 -31 -38 -36 -18 -8 29 14 37 0
-26 35 40 11 -33 18 32 -11 37 21 20 -6 -35 33 30 -30 -38 31 -16 -21 -32 -20 13 -39 -22 3 25 -7 -2 -34 -12 22 0
1 -11 -26 15 39 -39 -15 -29 20 12 -27 -38 6 3 -32 23 2 36 -31 -23 -40 -20 7 28 10 -34 26 -7 25 -28 38 34 0
36 -20 38 -36 11 21 23 -11 -37 -12 -17 3 27 31 -14 39 -13 32 26 -1 24 -21 -25 -39 -2 30 -15 18 -26 -24 -27 -22 0
-3 -33 28 32 -18 -28 30 12 -9 -25 19 39 9 23 17 -34 20 40 24 -36 22 37 3 27 25 35 11 2 -23 38 -21 16 0
-10 -5 3 -39 21 -16 -36 -27 -7 -38 12 -13 -19 -14 -15 -1 40 33 -6 -20 -30 -21 35 14 32 9 26 34 22 13 7 11 0
4 -25 34 2 9 19 -21 -36 1 -24 -27 20 23 -15 -9 -6 15 -34 -11 37 26 27 -8 16 3 -26 -35 18 25 -32 -23 -10 0
34 3 35 -40 -14 -36 17 32 -4 -1 13 -12 5 -2 29 -10 -18 -28 -29 -17 -15 31 38 25 -21 -16 -35 -30 -22 -38 16 -25 0
7 33 5 4 -15 28 26 -32 21 36 -8 -6 -19 -31 -2 -18 14 -40 -17 35 19 -10 39 10 34 -7 -29 11 -21 -13 13 17 0
-3 8 32 10 -19 37 -27 1 -17 31 25 6 39 -12 11 28 -4 15 27 33 38 5 22 40 17 -33 -23 -31 12 -20 9 16 0
-29 36 -17 34 -3 12 -11 -2 2 -13 1 -36 -4 18 -27 39 30 -1 29 7 -25 20 -23 10 26 24 23 -9 -39 8 -10 6 0
16 30 36 -24 38 27 19 33 32 28 -29 -12 5 39 -6 -22 17 23 -23 -32 -7 34 -36 -11 -33 21 7 -27 -37 -1 25 31 0
-23 25 -28 -11 37 16 -14 29 -21 8 7 -17 33 27 21 19 -18 15 -40 26 22 36 23 -15 -5 9 -13 -20 -31 38 10 31 0
-9 29 19 22 -2 -16 32 30 11 -20 1 5 17 8 -17 -30 27 3 16 36 35 40 -23 -11 -4 9 -14 -18 -38 31 12 -25 0
23 -30 31 15 34 -11 -13 30 -25 24 20 27 -4 -1 6 38 26 -28 -2 -8 -18 -37 -38 -39 -14 36 -24 -33 33 37 -40 17 0
-15 -26 9 35 11 -18 -4 -13 -2 17 -16 -39 24 -23 -27 -37 29 -25 7 33 -1 -28 -19 -30 4 14 40 30 39 28 -12 -14 0
-18 -16 40 26 -11 18 4 -27 -13 5 -4 17 -5 32 -25 -12 39 30 20 -22 -8 9 33 -1 -20 -39 -2 -26 -9 -37 -24 31 0
-32 -38 3 -26 30 31 27 13 -30 -20 1 7 8 5 -22 -19 28 10 -12 -40 -4 -23 -6 -2 39 -17 -14 9 -11 -16 23 -29 0
40 -26 -17 20 -14 -19 -39 -16 17 15 -29 14 -3 -8 -33 19 31 -31 26 -11 -37 36 34 -9 -30 39 -5 -38 3 35 -12 -7 0
-12 -6 -35 29 -17 -34 26 18 19 6 -4 37 -15 -28 -22 -39 15 7 -33 -16 -40 -20 -23 -29 16 -24 4 17 -21 -31 -5 36 0
13 -35 29 -7 23 -1 24 -31 -9 -8 -4 -24 4 31 -23 34 -26 27 7 -40 -14 -15 14 -37 -28 -25 3 -29 -21 38 39 -39 0
25 1 -33 -12 -28 36 7 -11 -19 -15 9 -16 4 23 21 -22 -39 2 19 -8 -24 31 -5 -25 11 -38 -4 15 18 35 3 -9 0
-40 -37 5 -39 -23 -31 -25 -26 22 -11 -16 -30 11 -10 -1 1 40 -9 -4 -17 -35 -21 -34 -15 -27 38 10 21 -28 4 36 34 0
-38 29 31 5 35 1 -1 -28 -32 21 -34 -37 -18 -20 -11 -10 -30 13 2 -27 16 22 -7 -39 -19 -5 -14 -12 24 -21 23 -40 0
8 1 -14 -32 23 16 -37 6 -30 40 -16 -13 -36 -17 28 -2 7 -12 -7 36 9 -5 -24 33 39 29 -34 10 -27 25 -40 18 0
30 36 -19 19 -33 -16 -2 9 -31 25 5 32 -6 20 31 12 -4 38 -21 4 -14 -40 -3 10 -26 24 -8 33 13 28 -12 -22 0
23 -4 24 21 6 29 36 5 -26 37 40 -12 -16 22 -35 13 4 16 32 -14 20 -32 9 -6 -36 -25 31 -31 -24 -20 8 7 0
-37 40 -32 -3 -10 36 35 -23 26 14 1 39 10 30 23 13 24 19 -22 -20 6 -5 34 12 11 -31 38 -19 -26 -15 -39 -8 0
25 26 -14 29 11 -39 -12 -16 -23 -13 -24 -11 13 35 6 -6 17 -36 -26 -3 34 20 -30 10 -4 8 33 -5 27 39 5 40 0
-12 -13 16 14 -32 32 -9 -5 21 11 31 25 19 20 28 -22 30 2 -19 -33 15 9 -21 37 -26 -3 29 17 -35 23 6 -11 0
-26 -1 33 5 16 13 3 11 -35 -22 36 35 26 34 1 38 -18 -40 -12 -14 22 -11 -37 -5 39 2 25 21 14 -6 24 -8 0
-37 -30 19 12 -36 40 6 26 -20 -23 30 36 -35 16 -29 -15 -34 24 23 -13 -26 7 -22 -6 -32 27 -33 28 5 9 2 -40 0
-29 -12 30 5 -30 -28 15 -21 37 39 34 -33 8 -38 33 -8 36 20 -2 -18 23 9 -5 14 -16 7 -35 13 6 11 -15 -1 0
10 -23 36 -35 3 -8 22 -6 11 6 1 21 17 8 39 -21 -29 38 -15 -5 -3 -30 35 -37 28 12 19 14 27 -1 -27 16 0
-28 19 -18 -11 10 8 -12 25 22 -22 21 34 2 6 16 -27 -2 -21 1 9 5 31 -23 4 23 -9 -7 -35 24 38 -36 12 0
-39 -28 -36 5 -19 13 26 -29 27 36 -7 31 -40 -21 1 -10 -30 -20 20 24 9 37 -13 21 -17 2 22 12 -23 -11 35 8 0
29 -24 -8 2 36 8 -26 26 10 37 -15 9 -34 18 -33 -38 -28 -31 -7 -16 -20 -12 4 40 -32 14 -17 7 31 15 -39 -1 0
19 30 26 -22 31 37 -1 17 -4 -19 -31 -27 -11 -13 -12 29 12 32 5 -37 35 -18 20 -32 4 9 36 -35 16 7 6 8 0
-26 -14 -29 26 38 -25 -2 35 -39 -37 -36 6 -22 -10 5 -30 4 2 24 22 23 29 -40 -27 -33 -31 27 30 -4 -18 14 25 0
-27 -19 -36 -3 20 4 9 -7 17 27 -15 -10 -1 34 37 -11 -39 -31 24 16 3 -6 8 31 -34 6 13 -18 -4 33 40 -35 0
-1 -23 1 -5 34 -8 -16 24 -35 28 2 -11 10 -6 7 26 38 -2 -4 20 16 -10 5 -18 -32 9 -21 30 13 17 -40 4 0
24 -10 -14 5 40 -6 -33 35 -35 8 -9 2 -39 -32 25 19 -22 -29 16 14 -8 -25 36 -18 32 15 12 10 -12 17 -4 29 0
35 -7 -10 12 -31 21 -14 -4 -24 -20 28 -28 -3 39 -23 40 -18 -19 27 9 -17 22 31 -33 -34 -11 -27 15 -9 19 -40 -16 0
-7 -8 -17 26 6 -34 8 -32 -15 -24 -1 -9 30 1 -29 -11 38 -12 32 -20 9 -6 19 18 -14 20 36 34 -3 10 -37 39 0
11 -34 13 32 36 -2 -11 -6 -32 -26 37 22 10 -9 23 34 3 -38 28 24 -10 -14 29 -3 -28 -30 21 30 -35 -25 -7 -1 0
16 13 -13 -6 -38 -30 -20 -39 21 -29 -7 10 -11 -28 -5 12 18 -31 4 5 -32 27 -4 31 6 -12 -24 28 -21 -37 3 -9 0
30 -37 1 -13 -24 36 -32 -19 -12 15 27 -27 -15 35 -17 18 25 26 -33 5 12 31 29 -30 -14 -3 -9 17 6 13 37 32 0
-26 -2 -34 -14 8 32 -35 16 35 23 12 -21 15 -17 26 -18 -11 3 -12 -23 28 5 24 6 -25 -15 -8 -13 31 14 -7 29 0
-24 22 30 -20 -13 11 -36 -38 16 13 -17 9 -27 36 -30 -14 -25 1 -32 -1 38 18 7 -33 19 -35 15 24 26 40 35 -37 0
-35 21 4 -1 29 11 -38 -3 -24 -32 -33 -28 27 16 18 -31 2 6 -39 39 19 -7 7 -18 -40 20 -15 -10 -22 -30 22 3 0
-30 -10 -8 -24 14 -1 5 29 21 9 -3 19 -16 13 7 35 -40 -4 -20 -21 -35 -19 32 22 -14 36 25 -25 -26 31 -27 -6 0
-37 8 -23 -8 18 -15 -19 10 -16 33 28 -11 -20 26 3 -9 -32 -31 -25 20 -40 11 -28 -1 -36 -4 -35 1 35 -30 24 16 0
24 -15 -33 -37 22 -22 -36 -19 15 -21 -16 -6 -18 21 19 31 -39 -13 -14 40 -17 -38 16 12 32 8 34 -24 -26 -35 33 17 0
-20 -9 -35 13 21 15 -3 -6 32 39 24 -39 26 -38 1 34 -33 6 38 -23 -14 20 14 -34 -7 -40 2 -25 -8 18 31 -19 0
-38 8 19 7 -5 -40 15 23 -39 -28 2 -22 38 3 26 33 -17 31 13 1 -23 14 5 -33 -34 30 -32 -16 -24 -13 -30 -27 0
21 9 19 -24 29 33 15 18 26 36 -8 -27 11 -11 -32 -34 -2 -12 40 4 -14 25 -40 -21 5 17 -26 -5 -10 -35 3 30 0
1 -20 4 -24 15 22 25 6 23 -11 -4 8 30 27 -30 -37 -38 -3 -35 -18 -31 -10 31 -17 -16 21 -21 11 35 5 32 13 0
21 3 -9 29 -28 -24 40 -1 -39 -3 -11 4 -31 38 -15 -16 24 27 -21 -6 -20 18 12 15 -2 -35 36 9 -17 -36 -29 -25 0
28 -35 -32 -29 6 30 39 3 -31 -37 16 -18 15 -1 31 18 34 8 -36 -24 36 -11 -21 13 -20 27 -5 -30 40 -15 -2 29 0
15 30 37 -12 -5 33 -34 -37 -24 -32 -1 -9 -31 -33 35 2 32 21 40 -38 -27 34 6 26 16 28 -17 -10 12 25 -40 14 0
34 -22 32 20 23 -8 -36 -17 39 31 14 -16 27 6 28 -28 2 35 -39 -13 -3 33 -33 -10 -12 -35 -40 24 -37 22 -14 15 0
21 -1 18 -22 -18 28 -38 37 -32 19 22 -35 39 -26 -7 -36 -11 20 10 36 13 -16 38 -6 -4 -24 31 17 32 -14 -30 -23 0
-35 11 29 -33 7 -10 -26 19 -18 15 -14 -39 -2 27 39 14 -19 31 4 -23 -9 -20 22 -8 20 -11 8 -25 10 32 38 33 0
40 -17 14 -4 -30 13 -13 30 10 -16 12 37 -18 3 17 -1 4 38 28 29 -3 -6 -39 -23 22 -38 -22 32 -14 -15 25 26 0
-19 34 38 14 -22 37 21 -3 7 11 -34 -14 30 6 -11 2 18 13 22 15 -12 -17 33 -29 5 -4 24 1 19 -10 -24 32 0
29 14 15 23 -34 16 -31 32 -6 -36 2 -13 24 37 -28 27 3 -19 25 38 36 -40 13 -17 10 35 -20 -15 31 9 18 4 0
17 29 16 -6 19 27 20 13 -8 -17 -28 -11 -13 31 23 18 12 11 -18 -39 -37 24 -1 -20 -25 -15 -29 -27 -24 38 5 6 0
-22 30 -3 -26 -34 -13 39 -5 33 -18 13 31 28 12 19 -6 -21 38 23 -16 4 -19 25 37 -4 32 27 -23 40 1 -28 20 0
-13 -26 -35 14 -10 -4 -15 -17 7 5 -11 1 -9 -39 -37 16 27 24 -22 18 2 35 9 11 3 6 -1 -12 8 25 -2 40 0
-13 -37 11 18 25 23 -8 13 33 -32 -39 12 -26 32 -38 -10 -34 16 38 14 -22 24 30 -6 -40 8 -2 -20 27 -15 5 7 0
29 -38 -28 11 -24 -11 9 14 -15 -31 4 -16 20 37 -3 28 17 -4 -1 26 -30 35 15 34 -40 5 6 27 33 30 -13 -23 0
-31 27 -4 4 22 -36 9 -32 6 -11 -18 1 -38 -13 -17 8 20 18 -27 -3 -23 35 -20 -7 23 21 10 -25 -33 29 38 12 0
5 7 -22 -23 31 16 34 -30 -11 -8 -16 19 -2 -39 24 -12 23 10 15 -36 29 26 -31 3 -33 25 38 28 -38 -35 -20 9 0
-27 -7 11 -22 36 -14 31 -36 34 2 24 27 35 -3 19 -13 29 38 13 7 20 3 -17 -24 14 -39 -23 -38 9 33 1 5 0
-3 27 37 -34 24 -29 -25 9 21 38 20 2 -36 -5 39 -20 -19 30 11 -7 -10 1 29 -1 -39 16 10 15 23 6 -12 7 0
33 -23 -39 29 38 31 -20 -21 22 -13 6 -30 24 15 -33 -26 30 -1 11 10 20 14 17 7 -14 -35 21 -5 -22 -31 26 -28 0
-30 8 19 -18 26 39 11 18 -17 -9 -6 -27 13 27 -31 -8 -3 -28 -37 40 -39 -22 -14 -20 35 -1 38 -32 3 -2 -36 -23 0
-35 21 -6 40 18 -24 20 -5 -1 28 22 39 -29 -34 -23 -17 35 7 -25 27 -13 19 11 26 -10 -31 24 -38 -30 6 -19 38 0
-27 35 -40 24 -30 34 -33 -6 18 13 26 -19 -7 38 15 29 25 8 -37 5 31 -17 40 27 20 -39 11 -28 28 36 -29 -12 0
-27 -17 -33 21 -12 -4 15 34 -13 23 -2 16 -22 -5 -40 8 -7 -1 -16 32 31 -39 -28 -31 -21 25 2 17 13 -8 40 -15 0
9 -30 8 -16 12 26 -32 -2 38 15 28 37 -8 -29 -39 -25 -14 39 40 34 -3 -17 4 -22 16 1 14 10 -19 11 25 -35 0
-31 5 -34 19 20 -20 21 27 10 26 -24 -10 -38 -32 39 -11 28 -18 -29 40 -16 -30 11 22 14 2 23 9 13 -36 -12 -5 0
-39 20 37 -16 -27 40 26 -26 14 -23 -37 7 -19 -8 -14 17 1 33 -25 21 -10 -34 -24 -30 -28 -2 34 30 13 9 19 31 0
9 -20 10 2 3 -9 -15 -6 -24 -12 23 4 30 -34 5 33 13 -3 -36 -21 28 38 37 -25 -28 -17 32 -39 27 29 -38 12 0
-6 19 25 -13 12 -30 -20 23 -2 -28 -19 -7 -29 14 -17 40 -23 11 -8 31 6 -25 -14 1 -24 4 -11 21 16 -16 13 17 0
-34 14 -24 38 -6 5 17 -10 -38 8 11 -19 -22 -37 -1 7 -3 -40 -29 20 19 34 -8 28 9 -30 -25 -7 -12 15 3 -36 0
13 18 -38 -17 -33 21 -27 -10 25 32 -13 -19 31 -5 -36 -24 39 24 16 -31 15 -40 40 -12 9 -26 -11 -37 35 37 -6 34 0
-23 25 -15 -30 -24 -28 -20 -18 23 -17 -36 -29 -4 16 10 -33 19 -21 13 -40 40 -27 17 26 20 -10 -22 -13 3 2 22 12 0
37 -38 -15 34 36 26 4 -19 25 -12 -34 -30 9 -32 -26 8 -11 35 -31 32 17 30 22 -18 -7 -17 -39 7 -4 18 2 -1 0
25 -22 29 8 16 -40 21 -9 32 -37 9 -25 18 4 -21 30 -34 -17 15 7 -8 26 24 -30 -12 33 -16 -20 -27 -31 17 12 0
-17 33 -4 8 15 -10 40 -30 -15 -22 -25 16 -24 39 -11 18 20 38 -35 31 -33 36 -29 21 -21 10 -34 -8 3 -14 -40 27 0
22 -28 35 33 1 8 26 -16 -39 15 19 9 -4 39 11 -18 23 -38 -30 -24 -37 10 -27 -9 28 7 -29 -5 27 40 -17 3 0
9 -39 5 23 -9 -2 26 -34 -35 10 -1 32 -22 -31 -6 -13 25 2 27 20 -36 30 35 21 -19 -30 24 -8 7 -28 -20 34 0
1 20 -18 10 8 -12 21 -23 -10 26 7 -4 30 -40 -24 2 -38 15 18 28 11 -30 16 40 25 -7 -39 5 12 -27 -35 -6 0
-14 -15 18 -2 27 -26 -40 26 -25 36 -6 -32 -16 -20 -38 32 35 -4 -28 14 -17 28 -1 -39 -35 -9 -7 -29 8 -5 17 -10 0
14 27 -33 -16 20 -28 7 -31 34 8 -13 -23 37 -19 1 15 4 -12 -26 -29 -15 -17 40 -20 -6 30 35 -2 -32 -14 11 10 0
-4 -37 -5 -27 -17 8 -10 -7 32 16 -29 -2 9 40 28 4 2 33 -20 -40 -30 -1 36 34 13 -11 24 31 -12 -18 18 39 0
-15 -21 -18 2 -26 20 -1 6 13 -7 -20 -27 21 22 16 34 10 32 -14 28 27 -31 -12 -25 33 1 -38 -6 -9 -4 -22 9 0
-19 -4 -25 -9 -34 29 -30 39 -39 3 31 -27 -3 28 -7 9 36 24 16 -8 23 18 26 34 15 19 38 -23 27 -5 17 -21 0
-19 38 36 -40 -30 32 -7 6 -13 5 -10 -5 -27 27 18 22 -22 -33 3 -24 16 7 21 30 14 2 35 40 -28 -34 -17 -1 0
26 -22 -33 9 -40 21 27 -23 2 16 22 -9 -26 11 -30 -7 30 28 -31 13 33 -8 -17 8 29 10 37 -18 15 17 5 -4 0
13 -8 -15 23 38 -25 15 19 -14 24 -28 9 -32 -22 -19 3 -20 6 27 16 -7 34 -35 -18 -11 -3 -36 22 8 30 37 20 0
20 33 9 -2 -21 5 3 6 -6 -8 -18 2 -29 21 -17 -1 7 25 38 13 19 -16 -32 12 -11 8 -15 4 31 -22 16 -37 0
4 -29 -39 -10 20 30 31 -1 -21 34 7 -24 39 36 -34 18 -7 -12 1 6 8 -3 9 13 24 -36 -33 -31 10 -26 11 -11 0
40 -32 11 -20 14 34 29 22 -40 23 -7 7 24 39 31 -22 25 -17 -24 33 3 36 -36 -15 15 -19 -37 26 5 35 -28 -11 0
-15 -26 -28 22 -18 12 -37 6 -9 15 -6 18 17 -38 -17 -25 23 -33 -21 39 -35 32 -30 -3 -22 -40 7 -16 -34 -11 9 -32 0
29 -12 -8 20 5 -19 9 36 -11 -39 -38 -32 32 8 -26 26 -2 -25 39 22 6 -31 24 25 19 -34 7 -15 14 -6 -35 -33 0
37 34 10 28 -7 33 -5 7 -29 -13 -32 9 23 -6 31 -20 6 19 -2 -9 -21 -16 -14 -17 -4 -22 29 18 -34 21 39 -10 0
3 -10 -11 -14 17 -16 19 34 13 23 2 16 -24 -1 -5 -33 -29 39 -23 -12 29 -15 7 4 40 -20 8 -22 -40 -32 -28 -38 0
-1 -30 40 29 2 12 6 24 -9 -16 -22 35 10 13 5 -12 3 15 -24 -23 -34 23 38 -4 -39 -15 -14 21 18 33 -31 -11 0
-14 -32 6 -23 13 -31 -19 -33 19 15 -3 36 -21 39 5 -10 28 35 29 33 -6 -34 -24 -40 21 18 -20 2 14 7 32 -1 0
30 27 -28 -34 -27 -39 16 15 -12 29 -38 13 -10 18 7 -31 23 -24 -3 1 -13 32 -22 40 -4 20 21 -35 26 36 6 -1 0
-10 35 14 2 -28 -34 12 -3 -35 23 20 31 33 -32 24 -20 25 -14 -17 37 39 27 -5 40 -37 -25 19 4 5 -2 -27 18 0
-32 4 9 12 -40 30 14 -8 -5 -2 -29 -34 -16 21 -33 20 -9 -37 26 18 35 -24 -26 -13 2 -18 -1 33 1 -11 -27 -15 0
29 33 22 -22 -10 -3 4 23 -4 25 21 30 40 -35 -6 26 -12 32 13 11 -16 -39 -8 31 -1 -30 1 -32 -7 3 16 7 0
-10 3 -13 39 -39 28 2 23 18 38 -26 -14 5 -19 -21 13 12 -25 -32 40 -31 25 -16 31 -36 -28 20 -15 -40 -1 -4 27 0
-15 9 39 -14 -20 25 -8 10 26 7 34 1 36 17 -18 35 -40 -6 29 20 5 14 -3 28 -34 33 13 -9 -25 21 3 23 0
4 23 9 -2 25 -22 -4 34 2 -32 12 17 8 13 35 20 19 -8 -3 11 -10 -34 -25 16 7 21 -20 36 39 -11 6 -7 0
-2 9 -35 -24 1 7 -28 20 28 18 16 -18 -9 37 -7 12 -4 -10 29 -8 -25 -13 17 39 -30 -21 13 -22 32 -38 21 -36 0
3 4 1 -28 28 7 -19 -30 16 9 -39 30 -40 14 -16 35 -32 -17 24 -10 32 13 -3 40 -1 19 -35 -6 -8 21 6 12 0
27 21 5 -6 8 7 -38 -14 -12 29 35 10 26 39 34 31 -25 -37 -13 23 15 -18 13 -11 6 -34 22 9 -22 -35 -26 -28 0
-1 20 -18 -30 30 -27 -40 -29 -20 35 38 2 40 10 37 -36 29 -35 26 9 -22 -37 31 -26 -23 11 -2 22 27 14 6 4 0
-16 -35 18 39 -38 -37 -26 12 -8 -32 1 -13 -6 3 28 -27 5 -30 -14 -2 -33 6 31 -11 -25 -15 -19 34 -40 -18 36 -20 0
34 -7 -8 36 -35 -18 22 -20 -17 -22 29 -10 -5 -31 37 28 15 10 -1 18 27 -3 -32 -13 -23 -27 -39 30 21 -34 14 -33 0
20 -2 32 -36 13 24 -31 28 -13 -25 18 -37 -23 38 27 -4 15 -39 -5 21 -8 -12 3 -20 -10 -26 34 -6 -11 -38 19 11 0
-16 7 -21 -11 -32 -35 6 32 -26 16 -13 -22 -30 -40 39 -27 -5 36 21 2 29 -15 -34 -37 10 25 -39 12 19 34 -7 8 0
-10 -22 39 4 11 12 25 -30 -27 -5 -14 -1 17 -4 -21 19 -3 13 20 -25 33 32 -7 34 30 -39 10 -29 -6 9 -35 38 0
39 37 25 8 -17 -24 6 -20 -2 15 27 -6 -39 -27 40 -4 -8 -16 -10 29 -21 -15 16 -12 19 28 -40 35 -29 30 -11 12 0
-19 30 18 -32 -34 19 37 -2 -7 -3 -13 32 27 -1 -12 -25 -10 -17 -23 -8 6 13 22 12 23 26 -6 17 -35 -40 21 20 0
12 -33 10 38 -23 14 -29 31 29 -37 20 35 -34 -8 -32 -7 2 -17 19 33 -10 -12 28 -27 40 -35 1 39 21 -40 -24 -2 0
38 33 35 -35 12 -16 -13 21 -11 23 -10 -6 36 14 34 -39 13 -29 27 -1 -30 31 -33 -18 -20 -3 -4 26 9 -8 -27 -12 0
-21 -36 8 -14 28 25 14 -33 -7 11 3 -38 4 19 22 -9 -12 -5 -20 -2 -35 34 -13 -3 12 38 26 -1 -17 -24 6 -6 0
-15 16 23 24 33 1 -23 -17 4 -37 -28 -16 12 -27 40 13 -38 8 14 -30 -18 -12 -36 -40 26 27 -25 -11 -26 22 -9 21 0
3 2 -30 -34 -40 18 35 -15 34 15 8 -29 -20 1 4 37 -23 23 29 -24 10 11 12 40 26 -19 -7 -37 27 -32 -22 -16 0
-11 1 -31 -15 -18 11 13 -12 -5 26 -27 28 39 14 -26 17 -1 37 -39 -20 -8 -19 -13 -37 -21 3 31 32 -25 8 -28 6 0
13 32 -16 1 -21 31 26 -36 2 38 -17 34 -4 8 -9 37 11 -24 -26 -19 -8 -40 -6 15 27 20 -10 -29 -31 -30 -20 21 0
21 18 -38 -9 -11 -1 22 -17 -15 -12 20 4 39 -8 -18 26 36 -14 25 -3 -7 19 -35 10 -22 -24 35 3 30 8 -2 17 0
-33 1 15 -37 -15 -27 -17 26 -14 -8 33 24 36 -7 20 -23 11 -24 10 -39 14 -21 16 -25 35 7 34 -31 19 3 -32 32 0
28 -4 22 -37 3 -27 -15 -24 37 -39 10 8 2 -3 -33 -11 21 -40 -10 -2 -1 24 20 -26 -9 19 38 27 -34 -25 11 5 0
16 -2 26 36 -5 -4 29 -9 -19 -27 34 15 -37 40 24 -35 -29 5 1 -39 -25 -38 38 -14 27 -33 20 33 3 -16 23 18 0
-13 32 25 17 -27 -8 3 -18 -2 22 18 -11 11 -37 -29 37 15 -32 -4 -14 -34 30 36 38 -26 -3 -30 19 -23 39 7 12 0
29 24 30 -8 12 5 -2 21 15 27 -36 -26 -1 -9 -32 40 -15 -13 1 -37 31 6 -31 39 -30 18 -7 34 20 13 -17 -16 0
-15 1 39 7 3 4 21 8 -13 -19 -23 -16 6 -5 24 -37 -1 -17 19 -40 22 -26 37 -38 -29 20 15 -32 -8 -4 28 -28 0
3 32 -6 35 12 25 -12 -22 -38 17 -17 34 -21 5 24 21 -10 18 -2 14 -4 -19 8 -26 33 -24 1 -40 6 -8 -5 -30 0
-1 17 -8 -32 21 -17 19 24 -21 -18 2 12 18 -7 8 -29 37 -34 20 25 35 40 4 -23 -26 -25 -36 9 -30 -27 -31 -9 0
17 -30 -24 -27 29 14 -38 -17 -19 32 10 -21 -3 -28 -20 -26 -34 23 34 -16 -37 -11 11 9 19 -32 -15 20 36 -6 37 -14 0
-15 8 35 15 30 -35 -28 28 40 -17 -31 -30 -5 -8 -18 33 26 -11 -6 36 34 -14 -39 9 -10 -22 -34 -23 -40 -27 37 6 0
40 -34 -17 23 -18 -8 20 8 -36 19 -2 35 32 -21 30 15 6 38 -1 1 -35 18 34 25 12 -24 10 -39 -16 -38 17 -27 0
-18 14 15 -28 21 12 -7 10 16 13 1 20 -39 -22 -37 -25 -15 30 -3 8 -13 3 -40 -21 -27 -31 -36 -17 28 -33 -34 26 0
40 -33 27 23 38 39 -18 22 -22 -39 8 21 -8 15 19 4 -19 -11 -4 -10 -20 32 -37 16 -15 20 29 -23 6 -7 10 -3 0
-10 13 22 -28 3 34 -9 11 -32 -5 -16 -38 -3 32 -22 -35 28 24 38 -12 7 -19 -2 -36 9 2 37 -20 -33 5 -15 -18 0
1 -24 26 16 -7 7 19 -36 -10 -30 -5 37 -4 -32 21 15 -28 3 -8 -25 40 17 -20 27 25 -29 5 14 6 20 -11 31 0
-8 37 -25 -13 -29 20 -4 -27 -3 -21 27 24 -1 36 -36 -6 16 30 -30 22 -9 -19 -34 -15 -40 -37 31 -17 23 -26 -33 -5 0
7 -31 -21 -8 -18 -38 12 14 35 -24 -14 -4 17 18 33 8 -17 39 -22 -25 29 -12 37 6 27 -30 19 40 -33 1 11 21 0
18 -26 -32 -27 38 -15 -14 -17 -40 20 30 11 5 33 -12 -31 -8 -5 -10 -28 -36 12 -11 -7 -25 -35 13 10 -38 -19 -20 27 0
21 40 -23 -18 -5 -30 -22 18 -11 8 -2 -7 30 12 -34 1 -16 2 20 -40 -25 17 -1 -10 26 9 4 10 29 7 -27 24 0
-25 -1 -22 34 -17 -6 -27 -5 -16 5 -36 -9 38 19 37 -37 28 -12 9 1 6 -26 17 25 -10 29 -24 4 16 8 -8 26 0
-2 15 -10 -5 -32 5 20 -13 34 -35 -25 7 14 38 -3 -14 -18 -30 -6 17 25 -21 -29 32 21 -37 -31 -20 11 -11 16 -7 0
21 24 -17 33 -26 -29 -28 -11 -10 -5 17 18 -22 8 39 -33 2 -6 -7 38 -36 -31 29 -32 -9 -13 22 23 -18 32 37 -38 0
18 40 34 -27 -22 -19 -26 21 3 20 -15 -32 27 11 24 37 -39 -38 -13 -12 -5 -20 -33 -8 19 33 7 14 -17 9 -29 -18 0
-11 33 -5 -25 19 38 -18 -27 -28 -10 15 14 10 5 -3 -23 12 17 16 -8 -20 6 8 29 -33 -30 -4 -29 35 13 4 27 0
-26 -25 22 7 -12 -35 37 28 27 -20 -2 -22 -10 35 16 -23 -36 -40 38 -9 9 4 17 13 14 -15 40 -11 34 20 2 -18 0
-9 -1 -7 11 -25 -17 33 -33 -19 -36 21 -21 2 -28 20 -40 -26 -18 15 -27 36 -39 -23 3 34 -3 -15 -35 9 -12 14 37 0
-25 -36 6 -9 -30 -21 29 9 27 -3 30 -18 28 -5 3 -26 -37 22 -31 7 -19 18 -22 20 11 32 -29 -32 -33 37 21 -7 0
-7 13 -36 -6 -31 -1 4 -19 -34 29 -28 -33 -14 27 -3 31 5 -8 40 38 -20 21 11 37 15 36 7 8 -16 -30 24 -5 0
17 18 27 -12 10 6 -2 -9 40 -40 -7 -34 38 26 -30 9 19 7 2 -4 24 -31 15 -14 -6 23 25 -22 -19 22 -23 -13 0
10 -12 39 3 35 -2 34 -4 -40 31 -25 -13 -19 -5 26 37 6 8 25 -22 -24 20 40 4 -1 -15 -8 -27 -35 -6 33 -29 0
36 26 9 10 -34 -40 -22 -27 -12 -35 -16 -38 -29 -15 -18 13 31 -19 38 17 -30 -20 -21 16 7 18 -7 11 -31 2 28 33 0
30 -34 -13 -24 35 -25 -27 -5 -11 10 -19 -28 -16 -32 7 2 24 -17 32 -14 21 -8 -37 -22 8 -40 -12 20 -2 26 -4 6 0
38 19 -35 -28 13 40 -9 -40 -20 -27 33 -5 9 32 -15 1 -23 -8 -36 35 -2 25 -3 14 -26 -38 -25 15 -1 -17 -11 23 0
30 11 -25 25 38 15 -4 -21 1 -1 -2 -11 26 2 29 28 -5 -40 -10 -9 -27 -12 -34 -19 14 6 17 -6 -20 -18 31 -31 0
-2 28 18 -13 -36 11 8 34 -35 -30 -16 23 -28 -37 -6 30 21 33 1 -39 25 37 -8 32 39 31 4 10 -20 3 9 35 0
26 -32 -1 -33 1 16 40 20 7 34 22 4 -24 -35 -21 35 -11 29 13 3 -15 9 18 -6 -10 5 -13 -36 11 -40 24 -16 0
29 -3 -1 -7 -11 -38 -17 22 24 26 23 -24 -33 -20 3 -16 6 20 -40 37 -19 16 -31 8 -35 -22 -21 27 -4 10 -9 -37 0
3 13 40 39 23 -3 -22 -7 -23 27 -36 -38 -26 33 -13 -39 15 -12 -14 -1 -21 8 22 30 28 -10 -24 -5 21 12 -37 -8 0
-30 32 -17 37 -9 34 -26 7 -12 33 -21 5 4 8 21 38 -36 11 -39 -25 13 -34 -24 -28 -37 35 9 15 17 36 28 1 0
-30 39 1 36 6 -37 21 7 -19 10 18 2 34 28 33 -21 -28 15 -31 -12 14 -38 -8 -13 40 -39 38 -4 26 -1 22 5 0
-10 27 33 -37 -11 -33 32 8 35 29 30 -24 4 2 -14 -29 -31 -8 9 -39 15 24 -7 -35 -34 11 -9 39 -22 5 20 13 0
21 38 -31 -29 -1 -21 -30 40 39 -14 29 -7 -18 22 -25 11 32 37 -35 -13 -17 -16 -23 -33 27 36 -2 30 -12 -4 -34 24 0
-26 -7 -5 17 19 -27 -12 36 -25 26 -30 -32 -11 -17 -37 25 -8 -15 23 2 1 5 8 6 32 28 16 27 -29 -19 12 -33 0
7 -4 -20 29 -35 5 12 9 38 19 -31 -11 32 15 10 13 -25 22 1 23 2 -13 25 -19 39 6 -18 -38 -28 11 30 36 0
11 21 29 3 10 1 -30 40 38 -39 -3 5 31 -18 -9 34 -20 12 18 -14 -21 -40 -34 4 -27 -2 -23 -33 16 8 9 36 0
-7 -37 25 -23 14 34 13 36 27 1 31 -33 -16 19 -24 3 -20 12 22 -25 8 -29 16 -8 -13 -31 2 -4 20 35 -14 -40 0
-24 29 -39 -35 -40 -9 9 -6 33 -33 -15 22 16 31 -32 21 -18 -14 8 36 24 20 -20 14 -16 -34 17 -31 32 -29 -12 -8 0
4 18 -30 3 -19 10 36 -27 6 13 -25 -16 -4 37 38 31 30 -31 24 -40 -21 11 34 -33 -12 -15 26 -9 32 -3 -7 1 0
19 -33 24 -6 30 27 37 -2 -18 1 21 6 23 13 -7 -17 36 -10 9 28 -8 33 -5 -35 -31 -15 17 -9 -26 34 -11 -38 0
-27 -1 40 -26 -25 -38 25 -35 -23 28 -31 26 -11 -33 -24 -36 -15 -29 -4 33 31 -5 -3 -12 -6 22 30 1 4 9 -7 20 0
-25 -31 34 38 -2 -15 -9 -29 -27 -39 -13 11 2 19 27 10 -12 37 -40 12 39 -5 4 36 -28 -3 -37 -21 -30 25 -22 15 0
-11 12 -32 -4 26 -25 15 -16 -22 40 -5 34 -27 33 25 -38 4 -1 -18 -29 -12 5 28 -24 20 -8 27 -31 3 14 9 21 0
-32 7 9 -27 6 39 35 -22 20 -36 -14 -38 -2 -26 -33 -30 -11 -15 -10 16 40 -23 19 10 -39 12 26 31 -7 8 36 -16 0
-8 -6 12 4 26 3 -24 -10 -30 27 30 24 -34 -7 38 23 33 28 -38 15 -33 16 17 9 -9 -15 25 -11 -32 20 -35 -18 0
-40 -12 -34 -9 27 -14 20 29 -22 37 23 -35 -32 -24 33 9 -20 25 28 5 -19 8 13 34 -6 -16 -11 26 1 -10 36 -27 0
13 -14 16 19 -7 -27 33 -8 -11 -33 15 14 25 -28 -23 -16 29 1 -18 21 23 -10 39 28 8 -38 -25 31 26 11 27 -2 0
-7 -8 -23 19 30 10 26 -27 12 40 -28 33 -13 4 -35 -17 6 39 35 34 -2 38 -3 13 23 -15 -1 -6 5 14 -30 -22 0
35 -13 -1 -29 7 -7 -8 14 -9 1 -32 5 -24 23 37 -28 -16 -40 -2 22 19 18 -37 2 -38 17 -15 -34 11 3 4 -21 0
-12 25 19 2 5 16 -13 -36 -14 -35 9 13 -38 -25 10 14 -33 -22 -10 38 -40 32 -9 -1 20 33 -28 -26 12 -6 -19 -34 0
38 11 -30 -29 9 -26 -10 -36 -39 24 -12 15 37 -3 -24 -8 -18 -5 -31 28 -33 23 35 -27 -35 -16 36 2 -13 22 -40 -14 0
-20 21 -2 3 -38 8 -16 1 -39 14 38 24 2 27 -33 26 40 12 -29 25 32 39 13 -34 -6 -18 17 5 -19 20 -24 33 0
-3 -39 -29 -8 9 34 40 -31 22 -17 -40 25 39 30 21 5 35 -9 2 -25 1 36 -12 10 24 -20 -22 37 -10 -38 -14 -26 0
11 30 29 26 36 -35 -31 -8 40 -30 -23 -26 -28 13 18 -33 33 25 -29 22 -39 -22 -11 -16 10 -27 -6 -19 4 27 35 3 0
-35 13 1 17 -10 18 36 24 2 14 12 -1 9 33 30 16 -16 40 -21 -19 -27 -15 -11 29 -14 -24 -38 25 34 -29 -36 -32 0
18 32 -11 13 -15 -36 7 -7 -37 -21 16 35 -23 -18 -32 25 26 -17 -5 1 40 24 31 -12 11 34 -19 -1 4 -8 21 -6 0
-28 11 15 -16 36 -18 -31 -14 39 35 -1 14 40 19 21 12 33 38 -17 29 16 20 -11 31 30 24 7 -37 -4 -27 -5 -29 0
5 14 -9 34 18 38 -7 28 23 25 -37 -34 -27 9 24 21 -15 -40 -23 -20 29 -36 -14 10 31 -3 -35 40 26 39 -28 2 0
9 -11 -17 18 -12 11 -14 -20 27 8 29 34 -8 -3 26 -7 10 -18 -22 -31 17 1 -26 -30 15 -5 -6 -33 -34 7 -28 5 0
34 -12 40 31 30 -40 -33 27 39 21 36 -18 5 -6 26 16 -4 37 3 10 14 -29 17 -1 18 -21 -15 -20 4 38 15 -27 0
-24 -3 -15 -5 25 -11 38 -21 19 -28 -14 3 -37 2 -2 24 -6 31 -12 -40 37 -35 -34 -17 33 12 -32 13 15 29 -33 26 0
-29 -38 34 -32 -11 -7 -23 -37 -30 27 11 -22 -6 35 -18 40 17 -40 -15 31 25 -16 -35 -10 6 -17 20 -5 37 24 -36 4 0
7 -23 -30 13 26 -11 -20 36 -15 -34 11 24 -6 4 6 39 -29 -27 31 -17 -33 1 -28 27 18 33 -25 17 40 29 -5 -38 0
18 3 21 -26 20 34 -1 -37 -33 -16 -18 -21 13 33 -25 14 -22 -3 25 -35 -23 -24 -31 40 35 -13 8 7 36 24 -7 37 0
11 -3 23 20 -16 -35 27 6 -39 24 -30 -7 -40 37 15 1 10 33 -1 5 -4 -29 -17 4 -28 13 12 35 -10 28 34 40 0
-30 17 28 34 -25 18 -21 1 14 24 -4 -38 23 10 -27 25 31 12 -40 32 -35 15 7 -12 26 11 29 4 8 30 -33 -10 0
-34 25 -31 -22 -27 -29 19 -3 -16 36 10 27 12 40 -15 26 -14 7 -39 1 -40 -32 2 22 3 6 16 8 39 4 -8 15 0
10 5 -36 -37 2 -9 28 -15 -14 -33 26 -3 32 -21 33 40 9 22 29 16 25 -5 13 18 27 -38 -16 -31 -13 11 -39 -11 0
-4 -37 4 -12 6 -33 29 34 21 30 -28 -31 23 39 27 -20 -29 5 -26 -35 -13 -25 33 -27 10 25 -18 -21 -24 26 2 28 0
40 11 -31 34 -35 30 -19 -24 -4 -23 6 37 -11 29 -20 -15 36 24 1 31 -7 -33 -6 -10 -37 -13 13 -1 -2 2 -32 14 0
16 30 -31 -16 -5 -6 -8 13 -26 -18 -40 6 -34 34 -19 15 -33 -7 -15 -11 5 -35 11 18 36 -9 10 -12 27 33 20 2 0
-32 38 23 19 -14 21 -38 1 -29 37 -16 10 3 -13 -22 33 35 -39 -12 -20 -4 2 34 -31 7 31 36 -35 -3 30 -9 25 0
30 33 17 31 -25 -33 -13 -37 -40 4 -35 -32 -24 7 -4 15 1 6 -21 32 -27 27 11 -36 34 5 10 26 -14 -20 38 16 0
6 -11 -24 -38 -33 -20 39 31 -17 40 15 35 29 -10 -19 17 12 -13 25 19 32 2 -7 -22 26 -39 -3 -26 37 -18 28 -16 0
-4 -1 -16 25 38 14 -3 -6 10 -22 -18 -31 40 23 7 39 9 -19 -26 28 -15 12 -17 19 -10 -29 34 -9 26 -32 2 1 0
-29 14 -14 21 -21 7 19 30 3 23 24 -5 25 4 -11 29 2 10 -16 -25 -17 -28 -34 22 -30 17 -37 -6 5 13 35 -8 0
24 -25 -31 -34 -21 14 -29 39 -6 -8 25 21 38 11 31 -23 28 -9 -20 7 -39 -27 -5 -15 -37 -36 5 -35 29 -7 4 -26 0
40 19 15 26 37 18 39 20 -14 -40 23 -22 -27 13 -24 -26 25 -36 -38 28 11 -13 2 -28 17 8 -10 -37 -25 -16 -31 33 0
9 -20 -24 33 -25 21 34 -3 36 27 35 22 -11 8 -2 19 -18 -19 -27 -16 29 -15 -21 23 28 -7 -4 15 -17 -23 6 -28 0
-7 -35 14 -9 23 36 -28 24 27 -29 -22 9 -20 12 32 -40 25 -1 -6 17 -26 37 11 5 33 30 -37 29 -36 -17 -27 7 0
4 15 10 -21 20 16 33 24 36 32 35 26 40 -26 -29 -12 18 9 -7 -11 -15 -34 -5 -33 -17 25 -13 11 -14 37 -16 -24 0
-36 -19 -24 21 29 -21 -29 16 -16 10 22 -33 -26 2 1 -22 -4 -38 39 -31 15 -12 28 6 35 36 34 31 -40 18 -1 40 0
-37 16 -33 23 -18 -34 28 29 -27 -22 -4 3 -30 -7 19 -19 36 30 -35 35 25 -15 15 -28 -14 -29 33 27 -40 -38 17 -5 0
40 2 22 -1 36 13 9 -26 38 37 -4 -23 34 -6 30 17 35 -21 -12 -22 28 -28 12 -8 39 -24 -17 21 -39 3 -7 1 0
-4 -18 16 5 -23 20 10 15 31 -8 -19 40 30 -2 7 22 -17 6 -40 -7 -12 -5 1 26 -11 -13 12 35 -35 24 19 37 0
-31 32 -11 27 17 28 35 -36 -15 3 23 34 6 -7 -19 -16 -24 12 -1 -29 -23 29 -34 40 -5 15 -10 30 -40 -25 14 18 0
8 1 37 12 5 35 -19 30 -18 38 -29 -8 -39 4 -11 36 -33 32 -34 -36 18 -2 10 -28 25 -20 -38 -15 -40 20 -26 34 0
-4 -18 32 -35 -2 6 14 -17 1 -10 35 -7 -14 -9 -32 16 -39 -40 34 -37 31 9 -8 40 17 -20 -26 19 -6 25 -11 37 0
11 32 37 13 34 40 26 -36 12 -31 -13 -7 -28 23 14 35 -35 -30 10 -9 4 -27 -19 5 3 -6 9 -29 -14 7 -40 -33 0
12 -37 3 -10 34 36 -11 1 -33 -5 2 -23 -22 30 9 24 37 -20 -28 -25 40 32 22 7 23 19 39 26 -9 28 5 4 0
-33 -9 -16 35 -10 -11 37 -29 -13 -34 -31 12 -18 -28 -32 34 28 -19 -36 14 -7 23 29 -26 7 -5 19 -8 27 30 -3 25 0
11 18 -1 6 8 -28 -23 -6 -30 -4 -40 -37 22 19 10 -5 9 27 32 12 15 26 -11 17 -21 -15 -25 -39 -20 28 -29 4 0
6 14 -33 -3 -10 26 -1 2 -36 -19 9 39 -7 13 15 -38 -27 21 22 -35 -22 11 18 40 -28 -21 8 -37 28 -40 7 -17 0
-26 -39 32 -30 -23 -27 4 -19 -17 1 17 3 37 11 -8 19 34 -31 29 -5 7 -24 -18 -34 -13 6 -20 -21 -37 33 8 -22 0
-34 -10 1 25 -39 9 10 2 17 29 22 16 12 -15 7 -26 -33 -9 -40 -38 -20 39 26 31 -35 -6 -13 14 19 23 5 -29 0
11 28 -16 -37 29 -20 2 10 -4 39 -34 31 -3 8 32 -30 34 -21 19 -40 -2 -8 18 -13 27 40 15 -35 16 7 -11 25 0
-20 33 37 -13 24 -36 -11 40 -21 -16 -25 -4 -40 35 27 -27 2 7 29 4 -9 -28 3 38 -32 -3 16 1 -18 32 -14 26 0
32 -22 12 -14 -24 -2 35 28 -32 26 -37 -38 18 -40 -17 -16 19 15 -4 -35 16 14 -5 -25 -8 -1 37 2 -13 17 1 6 0
37 15 7 20 -29 -8 -21 30 34 -25 -22 9 -32 -7 5 6 -14 25 -31 4 31 22 -40 26 -30 23 2 -27 -17 17 -2 39 0
9 -28 -38 -36 -10 -31 38 -33 -37 -21 26 14 -14 -11 5 19 32 -30 -8 -35 -5 -13 -3 37 12 -27 -6 -23 -24 -1 -34 -22 0
-10 -39 30 14 4 11 26 -36 8 34 31 22 -3 37 -5 5 -17 -25 -21 23 -33 32 -40 19 27 -16 -4 -31 -19 2 -2 -30 0
-12 3 -25 17 -2 22 6 -18 39 35 32 -27 -19 31 -20 2 -3 23 -8 -15 28 36 -32 4 5 -17 33 -10 -30 -4 -33 -35 0
22 38 -16 24 4 -29 40 15 -28 -32 34 -8 -23 -1 -33 -12 10 -35 -7 -6 35 32 6 -18 8 7 -19 -11 -4 -31 -39 -2 0
-34 -33 -23 21 10 -12 25 1 37 -4 34 -1 16 27 13 28 22 24 -16 -36 -27 -25 39 -17 -26 30 -8 -10 9 35 -22 36 0
36 10 2 5 19 20 24 -24 26 16 -38 -19 -12 17 -4 -13 1 31 14 -2 29 -30 -27 -35 4 -34 -11 -7 15 -21 -20 -32 0
-19 -25 18 26 -24 -17 38 -27 22 -40 10 -6 4 23 29 16 11 -15 27 -1 7 -5 3 -33 20 -37 -16 -38 -18 -3 34 -2 0
16 8 26 -16 -18 -4 9 -22 -34 2 -27 6 10 -37 -21 36 -24 -30 34 35 -28 11 14 23 13 -23 7 -25 30 25 -3 -14 0
-35 -25 28 24 6 37 -15 33 38 30 23 25 40 -34 -40 16 -29 29 -26 -28 -2 31 32 18 -18 -16 15 20 -8 4 3 -38 0
19 -14 -6 -2 14 9 -36 -9 -3 -20 5 21 -22 40 26 15 11 -18 -7 -27 -5 -26 -34 12 -16 -4 13 -29 35 -31 23 -12 0
39 -7 -19 -33 16 1 -29 30 -27 31 -31 -23 29 -11 -36 13 15 7 -24 -1 23 28 -32 -8 40 20 -15 -28 -22 -10 4 24 0
-1 21 -13 15 22 -25 -34 18 39 -19 30 -24 23 6 -30 -11 -23 7 14 31 1 -37 -33 8 19 -18 -3 4 20 17 25 -40 0
-1 -40 34 -19 29 28 -23 8 9 -20 -35 -32 -26 -17 27 -21 -15 3 10 -6 -30 26 -4 32 -33 -27 -38 -13 15 -5 31 30 0
12 1 37 -30 31 2 -13 -19 9 -14 40 -20 18 20 -38 -32 39 26 -12 38 6 17 -22 35 -31 -4 -40 24 -29 -23 -37 -6 0
-1 20 -31 12 5 -40 4 -39 35 29 23 26 2 34 -16 -15 31 -25 -10 14 -18 -5 -23 -2 -33 -29 27 1 36 28 -12 38 0
-10 -35 24 -16 29 -26 18 35 -7 26 -6 -39 -24 -33 15 21 -13 25 -32 22 19 -25 -36 -22 38 32 -15 4 -34 34 -21 -29 0
18 -21 36 -4 -38 -16 -10 40 8 -18 -6 -37 -26 -32 -30 7 -15 38 4 25 26 -34 -31 35 -39 -29 21 6 14 3 -19 39 0
-40 21 36 2 -35 23 -23 -39 29 12 4 37 15 -33 13 25 1 -1 -24 32 -25 40 10 -30 9 -2 11 22 -7 20 3 19 0
-32 7 -24 8 -4 25 39 22 14 37 38 33 31 -40 -9 20 -30 -22 -10 -33 -18 19 -29 17 -23 21 -16 3 -37 -5 10 27 0
-40 -25 -3 40 27 9 -16 -32 38 17 -20 14 39 33 -23 26 8 13 -24 11 12 -39 6 -26 3 -10 30 22 -19 -11 36 -14 0
-1 -35 -34 6 -4 20 -12 37 -8 39 19 -5 -21 15 3 8 -17 31 18 -18 -40 24 -39 26 -16 23 9 -11 12 28 -9 14 0
-33 -36 34 -23 -12 -2 -5 24 -32 -27 -16 13 -34 -15 -20 -31 16 29 35 31 7 28 -37 -24 1 -39 -10 14 -9 5 39 -30 0
35 -5 -15 -1 -40 31 -6 24 -24 40 -26 -36 28 -2 30 2 20 -35 3 29 25 7 -29 -32 -10 32 33 10 -33 15 -11 13 0
-27 28 -26 -37 26 22 -8 -3 -16 -20 23 17 29 35 39 -11 11 2 -15 -33 -6 40 8 12 -22 -31 5 -38 -29 -19 -9 -24 0
28 2 5 -34 -24 -10 36 15 26 1 25 -1 -3 -18 35 -38 -27 33 6 -37 32 -39 38 -31 17 12 -21 -28 19 -25 37 -30 0
-25 13 -31 -24 -13 -11 -4 12 26 23 25 -10 -8 -16 -2 -22 -35 -17 -12 -34 -7 17 -28 -40 -14 5 -30 6 -26 -32 38 22 0
29 2 14 -9 5 -33 -37 38 26 -10 4 40 -18 32 34 -29 -11 22 -26 -35 35 17 23 -2 -22 1 -13 16 -5 33 -16 -4 0
-2 -20 27 19 6 31 -33 40 26 -38 17 29 -26 36 -9 -22 39 28 2 14 15 21 -25 -31 -7 -27 -40 37 -6 -23 11 -1 0
8 36 -27 -2 -1 -19 35 -38 -18 -40 -6 32 27 17 -36 23 7 -25 -29 -35 -10 -5 -21 10 -12 37 33 3 -34 15 30 11 0
-13 1 15 -25 8 -15 31 11 -39 34 13 -2 22 23 -20 -12 -23 38 25 29 -34 36 -16 4 3 39 17 7 -6 -28 14 -1 0
-26 -23 -28 4 6 -27 37 1 3 31 -15 2 8 35 -19 29 -11 -33 14 -20 7 -5 -24 15 38 33 -31 9 40 -13 -29 -32 0
-23 -2 2 -39 -32 37 29 -34 17 -16 -22 11 40 -13 7 28 -4 36 -36 12 -15 -30 -3 -17 -1 -10 -5 -24 19 -19 -11 15 0
10 -11 -6 16 19 -8 -30 25 -36 -17 -18 -33 23 24 8 9 35 1 -34 -22 -9 3 -26 39 27 -28 40 32 -13 -3 -37 -4 0
34 -34 -3 26 1 -11 -26 -10 -12 30 22 -40 38 -36 37 36 -33 28 -16 18 -6 16 -25 11 -4 -19 35 -27 -5 8 25 -17 0
-2 13 -8 -40 10 -32 -27 3 -19 22 5 -7 26 -6 35 21 -11 40 -25 29 1 4 33 14 6 9 39 -26 -16 16 -5 -18 0
-30 -39 -27 38 -12 19 40 33 30 8 23 28 -4 -32 20 2 34 -16 4 -22 -9 -17 -23 -37 -26 -15 -28 11 35 17 -31 3 0
8 -38 -20 -28 -30 13 10 -33 18 -22 -18 30 25 17 1 -13 -4 5 24 28 36 15 33 -12 -3 -11 -19 -8 -31 -24 -23 -6 0
5 21 35 -39 -23 -29 10 29 -17 -34 6 36 -4 4 -6 -12 -40 -21 18 -13 1 -8 -9 14 -31 -15 -14 -19 -36 -37 -7 13 0
-35 -18 22 -37 -20 10 -13 -26 7 -29 25 -36 19 1 -24 17 -39 -5 -3 3 39 -17 15 -16 37 -21 29 -31 11 18 -33 -19 0
-27 21 -18 -8 38 -10 30 10 -23 33 -38 25 -12 9 26 35 -1 -28 23 22 -30 -34 -36 -6 -25 13 40 -13 -40 -11 11 36 0
-1 -19 36 -16 -7 33 13 -40 2 -23 -6 19 -32 -21 11 23 3 16 17 -31 1 26 7 39 14 -33 -5 -13 -10 40 -26 -30 0
-4 34 -31 27 -40 -23 -36 -26 -28 39 38 -11 -13 -16 -12 21 31 18 -21 -32 -3 10 -14 -18 6 -24 -17 25 17 9 -19 37 0
29 -32 -4 -26 -24 7 27 2 17 21 -28 -17 11 -33 -25 12 -14 -38 26 33 32 -27 -35 31 -23 -34 1 -2 8 -12 -9 -29 0
30 -4 5 38 26 4 20 -39 29 -37 19 -24 -15 -5 -7 -33 1 9 -19 17 -16 33 -30 -3 -14 13 11 -31 12 15 35 36 0
-13 39 2 14 31 35 11 24 30 12 8 -24 -17 34 28 16 27 -34 -1 -3 -25 -37 -31 -6 -15 40 36 29 7 38 -32 9 0
15 31 -15 18 16 21 -38 -14 4 38 8 -10 -13 19 -2 -40 5 23 -31 -33 -22 37 -35 -7 -4 -1 -39 17 25 -9 6 -34 0
12 36 27 24 -40 26 -15 35 1 -37 -27 -17 -39 -36 -19 -31 16 -23 -35 14 -7 2 -6 21 -8 15 30 31 -28 -30 -38 18 0
9 -6 21 -23 -27 -32 34 40 -35 -3 -30 -12 7 -11 -16 28 4 -7 23 22 37 -40 6 -36 12 36 27 -24 26 -4 35 3 0
36 -40 -24 16 30 -36 18 -9 2 -19 -4 3 -17 24 15 1 31 5 26 -28 -27 -18 10 11 -8 17 20 21 9 -1 32 -33 0
26 -17 -24 -12 -25 -4 21 6 -13 -15 -37 23 32 2 -8 -21 -16 38 -3 18 25 -28 19 7 -22 20 17 -9 -31 -29 11 -5 0
-36 10 31 -1 15 -11 -40 13 -27 -26 -21 -19 -37 -3 37 -29 25 23 22 -38 4 -16 -8 -9 -25 39 21 1 -17 28 -32 33 0
28 30 23 32 -10 -23 -34 14 -38 -26 -17 -12 -31 -28 1 25 -13 -7 -9 -35 6 22 20 24 39 -8 -25 27 -1 -24 33 10 0
-11 -29 -18 -24 -22 5 -9 2 34 -19 13 -2 20 -33 27 -40 32 -20 30 -7 -34 39 -39 21 18 -10 -16 -8 -4 -14 9 -12 0
-39 -26 19 -24 -5 40 32 -30 -8 -35 18 2 -31 -38 35 -22 5 -32 -3 29 -37 37 30 36 14 28 3 -12 8 -27 34 -40 0
4 5 26 18 -7 11 12 -16 -5 -33 8 39 -30 25 -37 -28 -38 -8 -4 -26 23 -22 -39 -10 -34 21 -19 38 -3 -1 -18 37 0
9 5 -32 -33 -26 -35 32 23 -11 -29 -21 14 4 -39 13 19 18 -28 34 26 7 38 39 16 29 22 -38 -15 30 6 -2 -13 0
34 16 -34 -15 17 20 -29 2 -5 26 22 32 -27 -40 40 -39 3 -24 27 21 8 -8 -17 30 24 37 33 -23 13 -26 -14 4 0
-23 -1 18 16 8 -6 37 -15 -32 35 30 -17 -35 36 -9 4 -39 -2 -30 21 -8 2 10 -21 9 11 -11 -37 24 27 -3 14 0
-38 5 26 7 -6 16 -5 6 -4 18 9 12 -20 -9 17 2 15 38 25 -29 -1 -18 -22 -11 39 -31 -32 32 22 -23 1 -21 0
6 -14 7 12 37 32 -16 10 38 28 4 -38 19 3 -35 27 20 -31 -37 15 -23 39 -22 -10 17 -12 -18 -26 2 36 34 -21 0
7 -12 24 -33 -13 -31 26 9 17 -6 3 10 -15 22 -23 -26 -11 19 33 -21 16 -36 39 15 -18 2 37 -35 38 34 -7 21 0