p cnf 100 40
13 24 -21 -7 -1 26 -10 9 33 -23 -30 -5 -26 20 34 -28 -16 8 5 10 3 -33 30 -14 -3 -11 -31 2 40 -13 -34 29 0
12 -29 38 -15 -10 -36 39 -13 -8 17 -25 -31 2 -12 23 33 -1 -4 18 -5 34 -40 9 -26 24 8 -3 6 -32 -2 -39 28 0
-6 33 35 -11 -8 1 -33 14 -21 28 -2 -31 -20 40 -35 32 17 23 -23 18 -14 -1 -22 -38 -9 19 21 4 -13 24 -10 11 0
12 22 -11 -14 14 6 -37 -27 36 21 -20 -25 -28 -33 -39 -7 -24 -38 40 -18 -1 4 -19 27 35 -23 -10 -16 8 -2 -31 -17 0
7 -35 40 2 -10 -19 22 30 18 -17 38 -18 1 -30 -12 -36 -2 31 29 -31 34 -39 -16 37 -3 -33 -22 -1 -28 -14 -4 36 0
20 36 30 -36 -18 -6 18 -24 5 3 -16 -15 32 24 22 16 33 -28 29 -32 35 8 -35 -7 39 -30 2 21 11 19 25 -26 0
23 -29 -40 -27 21 9 -16 1 17 -6 -9 -39 30 -3 -5 36 -1 25 28 7 -23 -12 15 -4 -36 16 -22 -26 5 -38 -8 4 0
-39 -9 7 -14 22 5 15 -1 -18 -33 -12 -30 -21 -19 35 26 -22 -27 24 39 23 -34 -7 -10 -23 14 29 -13 -8 27 3 -28 0
-14 -29 -39 -40 -16 -12 5 -35 -30 24 -27 38 -37 -23 23 37 14 28 -4 12 16 20 27 -11 21 -18 -28 40 -3 9 -7 -5 0
35 -36 28 3 11 15 -25 -35 -4 32 37 -2 -21 39 -20 22 -30 30 25 16 -15 -10 31 27 -40 13 6 -34 29 20 -38 24 0
19 14 13 17 4 -28 12 2 35 40 21 39 -15 -29 -35 8 5 31 -16 -10 -26 22 -5 -32 -19 -13 -38 34 -27 33 26 -22 0
-26 14 22 -28 -9 -8 8 16 38 -5 -21 -14 13 -12 31 -15 34 39 4 -39 -23 -30 40 9 -7 35 36 33 -37 -16 -40 1 0
37 -28 -8 28 -10 -21 33 -11 -5 -17 30 23 3 -2 -31 -35 -6 24 7 19 -38 -33 -19 10 -1 -29 -3 -30 -32 -18 1 6 0
12 -19 -33 30 -15 38 -22 -4 -31 31 1 16 -29 -35 14 -27 -18 -14 4 40 15 39 3 -6 -16 29 36 -24 -12 8 -8 35 0
-37 -17 2 -39 32 -34 9 -31 -19 -7 -35 18 -22 40 29 16 -2 -21 13 -29 21 24 4 -16 35 -28 -40 -11 20 23 1 5 0
8 -21 5 -29 17 22 33 -30 28 24 -39 21 -6 4 -18 -23 -22 1 -12 -40 36 -8 -33 -24 -4 39 12 30 11 -34 -10 37 0
-17 -5 5 40 32 -36 -32 12 -23 33 17 28 -28 -4 -26 6 -18 3 22 -27 -40 4 -3 38 -2 26 35 37 -11 15 -14 39 0
34 6 -26 -28 -15 2 22 3 -24 -38 40 1 -20 5 38 -19 30 21 -11 7 18 16 27 15 -35 -10 23 -5 28 -37 -29 11 0
4 -4 36 38 40 -25 -28 1 32 14 -26 -29 30 28 18 -13 12 35 33 11 -6 -5 -19 20 -15 10 -31 8 -17 22 -10 25 0
-37 29 36 35 17 3 -15 -36 -14 -21 -22 -32 31 21 -27 30 19 -40 24 15 -2 27 -20 16 -35 34 26 6 23 5 38 33 0
29 11 -36 -15 -3 -21 -17 -38 35 13 14 15 -4 22 -9 33 19 -19 -7 28 -25 38 23 16 -37 20 37 9 3 39 -12 -27 0
10 -25 3 -40 38 20 -26 40 5 -3 -39 23 16 26 -12 15 -24 22 6 27 -14 -1 11 -23 39 -35 28 -17 -28 -20 32 -38 0
5 -27 -17 17 -33 13 19 32 -26 31 37 20 10 -34 35 -7 27 -2 -31 7 -38 -36 -8 29 14 -32 -16 21 -11 -39 24 -19 0
-37 13 -17 -30 -8 7 -35 3 17 32 28 -25 -15 -27 -40 4 14 -16 9 8 27 15 20 -3 -29 24 -22 -38 6 -5 1 29 0
-25 35 -2 3 -28 38 -10 -36 -17 37 31 19 10 9 -6 -9 -27 36 -33 -21 32 -19 -37 -1 1 26 -39 13 34 5 7 -40 0
-39 -3 37 36 -28 3 23 13 6 -24 5 26 -40 -5 -10 21 -25 -23 -16 -13 1 -38 31 -8 -6 10 32 -12 -34 19 29 25 0
-18 -5 11 -36 19 36 21 -3 38 -40 -39 29 1 -13 20 28 37 -22 -23 -19 31 -12 -29 -16 8 35 -7 -8 -35 10 39 2 0
-29 20 -3 30 33 -15 -8 5 -17 -37 -7 -34 -5 19 17 -24 15 8 18 -2 1 -26 -11 27 -19 -18 -16 35 -10 4 9 29 0
-1 -36 16 23 22 -21 27 -4 -39 35 -23 37 8 -9 -20 -28 -14 -7 32 -2 30 -3 14 36 -38 11 -31 -12 -11 -10 25 19 0
8 -35 -2 4 -34 -6 -7 -33 -13 40 -12 17 -4 -21 18 -32 23 -23 20 37 21 11 -36 22 -3 -38 14 25 39 28 35 -9 0
-9 -19 -29 23 -39 25 19 8 -8 -20 -21 18 -35 30 -12 4 31 -6 -11 20 -25 35 -10 17 -34 -38 39 -37 6 -23 -2 32 0
27 -5 7 -33 -15 34 11 -18 -22 6 25 -25 -14 -6 -27 21 40 22 -28 -19 -35 28 -3 29 39 10 3 -16 16 20 -34 -4 0
4 36 6 13 17 37 -23 5 -12 -7 25 3 -15 -40 32 -14 24 29 31 -17 38 -34 -28 34 -37 -6 -3 18 33 1 16 12 0
22 -3 23 -40 15 -7 16 17 -35 35 -16 -18 3 -6 -27 9 13 26 -11 -25 -33 11 7 10 -29 20 19 -39 1 -4 -32 31 0
-32 -29 30 -39 14 -27 -24 18 9 -1 7 34 29 -31 10 -4 -40 -21 36 -9 -5 21 -38 19 -10 -35 -23 -30 20 33 -7 -20 0
-38 10 -29 -16 -39 20 14 39 11 -35 34 -40 -10 36 38 -14 -17 -30 -33 -4 12 5 35 28 18 -37 -2 4 17 -1 -13 -12 0
-17 40 35 9 -39 13 -10 16 20 -34 39 34 26 -26 38 19 -29 11 -14 6 8 21 37 -13 -32 -11 25 4 -28 33 -9 -5 0
32 35 18 25 -17 3 -20 1 -18 -22 34 -39 14 27 23 -11 8 7 -27 33 -8 -33 -15 -1 -36 -35 39 40 12 6 22 -38 0
-6 22 -2 8 33 11 27 34 -36 5 -29 9 36 -21 10 -8 -32 4 -20 19 29 -11 -3 20 -34 1 -13 12 21 -23 14 30 0
-34 -25 9 39 -7 37 13 -36 -8 40 -14 15 -13 30 -31 29 3 -35 31 21 -33 -22 18 25 -37 -1 -4 14 4 -19 27 35 0
-4 -30 -40 -20 -2 -11 8 32 -29 -17 3 22 -8 -18 -19 7 38 16 40 -1 -33 -12 -27 -14 -6 -34 -36 1 -35 -15 20 -28 0
2 -15 -2 15 -12 -38 5 -23 12 25 24 30 -25 33 18 -19 -9 -35 -14 -32 4 36 10 -36 17 -22 -11 6 11 8 -37 -10 0
-10 28 -3 -18 -39 -8 5 27 37 -14 -16 -15 31 -22 13 4 -17 -37 -35 -23 -38 -34 23 -32 18 7 -33 -21 -25 19 20 12 0
7 -36 -8 -27 12 31 -22 26 10 28 6 25 39 13 -33 -5 -6 2 40 -19 18 29 -13 -4 -23 38 -28 32 -9 27 22 -18 0
3 12 -29 14 36 33 8 17 -20 26 -12 -32 15 37 -30 -27 -10 39 22 -37 -31 -4 -21 9 -36 23 30 -14 -24 29 -17 5 0
12 29 -10 -7 -15 -34 -16 11 -39 19 30 1 5 36 -12 25 27 21 -28 34 15 -22 -29 -25 18 -11 32 -38 35 -30 -18 -36 0
-31 23 10 36 -16 -20 30 33 22 9 -8 40 -32 -15 35 -13 -27 -18 -26 -22 29 34 32 25 17 -25 -6 38 15 -11 18 -29 0
36 -29 26 35 4 -32 18 -39 19 24 -4 -9 -27 39 12 29 38 -10 30 15 37 34 22 -15 -5 13 40 -31 11 8 -11 -23 0
38 14 -21 13 -13 -31 11 -24 -32 3 -12 -2 -19 23 36 16 25 -14 -29 29 -35 -26 -34 -30 -8 -4 9 37 -7 -1 -40 -22 0
-29 24 37 -11 7 -30 -14 39 30 6 16 -9 31 33 -38 -20 34 -5 -35 9 17 23 -15 -28 35 -19 -34 -25 8 -7 26 12 0
-22 19 -34 4 -3 5 23 -35 22 -13 -2 14 -16 30 13 15 -20 36 25 6 -10 24 18 9 -11 -17 26 10 1 27 38 -27 0
-31 39 -40 11 -19 25 -38 -1 7 2 31 -39 10 -20 -18 20 -26 -4 -12 26 27 13 -15 -35 -34 18 -28 -17 -16 5 -27 -5 0
-25 15 -33 -2 -24 -39 -18 -31 -17 21 32 -16 -8 34 9 5 39 -13 -22 -28 -35 -38 17 -11 24 8 38 2 6 -29 30 25 0
-15 28 -28 22 26 -35 7 32 -26 16 -18 -6 -20 38 -11 -31 4 -1 15 23 -24 24 34 2 -8 20 29 37 6 27 -13 36 0
-37 -6 29 14 24 16 22 -36 21 -3 -15 7 12 -27 10 15 -25 3 -35 23 -13 -7 -14 -18 -8 -11 13 -40 -20 -22 -17 -2 0
-38 -27 -1 36 23 -15 -18 7 3 34 1 -7 -16 19 18 37 -12 27 -31 -34 -23 -29 22 -6 -17 -9 -26 -3 -20 -39 -8 30 0
-9 34 27 -19 32 4 -15 3 7 15 -24 35 -32 -17 -2 -35 8 39 -31 -23 18 -38 -6 -36 24 21 40 26 2 19 -33 -20 0
-5 12 -37 -6 25 -19 15 4 -1 -28 31 -18 -31 -4 -3 -15 3 23 34 -20 -39 29 -35 11 28 16 18 2 8 -9 20 7 0
-23 38 19 -13 -21 23 -32 -29 -18 -3 -39 -9 -4 16 -1 -11 -38 29 2 11 1 -35 -37 -5 -25 37 -15 15 -8 32 17 8 0
22 36 -36 5 2 -2 32 17 16 13 -28 -19 11 -37 -31 31 -9 -24 6 38 35 12 7 -20 -25 27 -40 28 -7 -38 -13 20 0
18 -23 5 -21 -2 -13 29 37 17 -10 23 -3 22 31 -30 -8 -35 6 28 -28 7 -11 8 -37 -25 14 25 -6 -26 3 24 -4 0
-16 -30 -18 35 20 -9 -20 -7 15 12 -39 7 17 39 14 27 2 24 -24 30 26 -34 38 -8 -33 34 5 -29 -6 -13 -27 -37 0
21 14 17 -32 7 -14 22 -23 -24 -31 -6 37 9 34 24 25 5 -4 10 16 -20 -26 31 26 -33 18 -29 11 29 38 -5 -35 0
9 -18 -23 19 -32 26 -2 -37 -28 -40 40 10 -30 -27 14 -13 2 22 37 12 32 36 35 -17 -35 -24 -20 -6 -31 -7 -14 -10 0
-24 2 32 21 30 34 33 19 -40 18 17 -27 20 6 37 12 40 -34 25 3 -23 -5 16 -37 9 -19 -36 -13 -22 -8 15 -29 0
1 -39 -17 -30 -11 -27 21 -37 32 30 -21 37 -38 -19 27 34 31 35 -23 9 -8 26 -36 -28 4 -14 -33 29 24 -24 -3 -13 0
-37 13 7 -4 8 -35 -39 -16 4 -34 11 10 -20 -21 40 -31 26 2 -32 36 39 -7 19 -18 15 -1 6 -36 -24 -23 -25 -38 0
-3 23 10 35 -14 -20 7 -26 5 33 -9 19 -19 -21 -18 9 31 6 34 -34 40 -38 -15 36 38 -32 28 14 17 -29 -24 39 0
28 6 -31 12 -13 -8 -19 14 7 31 -10 -21 4 -34 9 -29 15 40 -33 21 -17 -12 -14 30 -36 20 -27 -39 37 13 -11 3 0
7 33 29 18 -26 4 -29 -39 14 21 15 -2 -15 -9 40 -17 9 17 -24 -30 -19 -22 -1 -10 -4 1 12 8 2 -28 -21 -31 0
29 -5 7 24 6 -34 12 28 9 -2 -26 -35 33 -33 -10 -7 19 22 21 35 10 27 -4 -32 -21 -38 32 38 -14 18 -19 -12 0
-3 -6 -38 29 -9 -16 -25 11 21 40 20 -29 10 -39 14 -5 -32 -13 39 16 -37 8 23 -33 -1 9 37 -14 30 -8 -20 6 0
5 34 -29 -15 -17 -33 -10 9 -21 -14 26 -39 37 38 -32 -2 36 -31 -19 39 6 -3 31 24 -6 27 -37 -35 30 33 19 -25 0
32 -39 -29 21 -25 30 -17 8 36 4 -20 34 -4 3 -19 2 39 -3 14 -2 -5 31 -6 -37 12 5 1 -8 -27 -34 -9 23 0
33 19 -33 30 38 -18 -1 -17 1 12 2 10 35 27 28 36 17 -10 26 5 -19 -12 -27 -15 29 37 -11 -14 -26 11 -37 -31 0
-5 -33 -12 -35 5 38 -9 -26 -17 10 -31 19 -37 21 32 27 -13 -20 4 -10 -34 39 -40 12 6 -4 25 28 23 -24 -23 -39 0
18 -1 -14 -38 1 -20 7 11 24 -30 22 -16 10 -29 40 -21 32 -27 -15 27 -40 23 9 28 5 6 -10 39 -36 -23 -28 31 0
33 4 13 -14 40 -26 -38 -39 -34 -22 16 -2 -27 -10 -35 7 24 6 -23 20 37 -33 2 5 25 36 29 -8 19 18 -40 8 0
-4 -3 31 -23 24 -34 10 -24 23 12 -2 -27 29 9 25 27 -9 -26 -7 -15 -6 -1 26 35 -39 7 15 -21 -20 -16 21 -29 0
-23 -13 -20 -24 38 8 37 36 -7 21 -26 33 -29 26 24 34 20 12 18 13 -3 -16 -5 39 25 31 -21 -9 -28 23 17 4 0
-27 -17 -28 -20 -16 10 -11 26 -2 38 -10 1 -18 27 11 -37 18 -14 9 2 -5 -8 -30 -1 33 35 -29 -24 36 22 -32 -21 0
9 -9 -36 -38 34 28 40 -16 -30 -13 4 -40 -10 -3 5 23 6 -12 13 21 -35 24 -4 -7 10 31 11 -17 12 37 -23 7 0
33 14 -1 -5 -21 -24 -20 -25 34 13 -16 -35 12 -9 21 -4 -31 -40 38 30 -12 -6 23 -13 36 27 35 31 39 29 3 4 0
26 7 6 17 22 -32 -8 19 -1 27 8 -29 32 25 -4 4 38 -31 -25 29 35 -27 13 -35 11 -36 31 -7 -24 -20 23 9 0
38 35 20 -36 -27 23 39 -5 5 -2 8 26 2 -38 -3 31 -18 -40 -16 16 6 -33 -21 24 40 -15 14 -26 27 33 12 29 0
-31 38 -13 17 -22 23 -3 -32 6 -38 -1 29 30 -5 -6 -35 18 -24 -11 32 27 4 5 33 24 -8 -18 -26 -14 21 10 35 0
11 -21 27 -10 4 1 37 19 13 15 30 -6 20 -9 -33 -39 32 -37 -7 -29 -31 7 34 -5 -14 -35 8 26 24 -34 31 -26 0
12 23 10 11 -13 38 -28 29 40 6 -19 -6 -38 37 -31 -26 -15 27 20 -12 -18 7 25 -33 9 14 -36 -10 21 35 1 -8 0
40 -8 -37 -31 2 11 -18 24 -11 27 -22 29 23 5 -16 9 3 16 -14 -40 38 36 39 -7 -27 8 13 12 -4 15 -20 19 0
31 29 -34 -33 -10 27 -24 19 25 -8 7 -27 -20 11 -12 -16 10 -18 -9 33 5 -6 28 16 22 23 -28 40 4 15 -1 -11 0
4 -9 -3 40 6 -37 -19 22 25 34 -29 37 -18 -40 -14 -25 -10 1 12 8 -12 -13 -11 -5 3 -28 -32 10 -17 20 16 35 0
21 11 -39 -36 -7 22 -25 -20 -31 5 -4 20 30 -33 10 -38 16 13 39 23 26 -27 -5 4 12 -21 27 3 -40 24 -10 18 0
18 9 -12 4 14 35 1 -4 13 -2 3 10 -23 -32 -26 2 -19 -20 21 -22 -15 -18 -25 16 -28 -38 27 40 -30 -37 25 22 0
25 1 30 21 10 -38 14 -8 -11 36 -6 13 -27 -29 26 8 15 -28 -9 -15 -34 -40 -21 -33 33 -13 24 -20 -5 -10 32 38 0
28 17 -31 -29 -38 -24 -13 -16 -26 35 39 -4 15 -11 34 14 3 22 2 27 37 -22 -39 6 4 -2 18 26 -12 -28 19 -18 0
17 -37 5 -2 -14 -12 39 -9 27 16 12 35 29 13 -3 -16 -27 38 -29 22 -36 -30 28 -22 36 -31 -5 -11 -17 1 -7 8 0
25 -36 27 12 -13 20 22 1 -11 11 33 24 -3 -8 37 -14 -31 -33 -29 -1 21 -10 -7 -12 -39 -6 -5 6 -17 -16 10 19 0
-8 -25 -28 -18 25 23 -4 9 33 24 -16 -29 -9 22 -34 -15 28 38 14 -1 1 11 27 21 -19 -13 -6 10 8 6 -3 31 0
-5 6 16 -40 28 33 -32 36 -22 -3 -29 30 -36 17 -2 11 19 31 -17 -7 -16 -35 -30 27 25 24 5 -34 14 8 35 39 0
-4 16 27 -11 -37 5 24 36 -23 33 12 -18 20 -27 28 26 -20 -24 4 -15 25 10 14 -38 -1 13 40 1 -10 38 -5 8 0