p cnf 200 40
-10 15 -15 -8 -32 -4 -6 -19 16 5 2 -14 28 -12 40 4 -3 -1 -35 37 -34 -7 22 29 12 23 -23 -17 20 27 -9 -26 0
33 -35 -32 19 -1 -8 6 11 8 -2 -6 22 7 -27 34 17 -23 31 2 -13 -34 -3 -18 25 20 3 -12 -11 1 37 39 -33 0
-12 -33 -3 7 -14 -35 11 -36 -26 -4 -2 32 15 40 18 -30 30 16 -31 -15 24 33 4 28 -39 22 -22 26 21 37 34 17 0
-3 33 -21 18 2 -27 11 -29 -26 -1 28 27 6 -8 -11 20 -23 35 4 -22 21 -19 -13 -15 -34 15 24 -9 -18 -38 -20 -5 0
19 13 -21 22 5 33 15 -19 -15 -33 24 -4 1 23 -13 -38 31 8 40 -22 -5 -27 -7 38 -26 16 -3 -34 25 -40 14 9 0
-15 23 22 -30 -6 -29 19 -33 -3 38 34 25 -8 -1 -14 -28 31 37 -38 -19 8 27 16 -4 35 18 -37 6 -13 -24 -10 36 0
29 6 11 -38 3 -34 32 22 26 -1 -9 -30 -32 -36 33 -37 35 -15 -12 21 -8 13 -35 -6 -5 -10 10 -3 17 -20 40 -13 0
-17 -11 38 25 39 -24 -23 -38 -40 -25 29 -14 -29 3 24 27 -6 -10 28 9 -39 -37 12 40 1 23 -36 36 30 32 -22 -8 0
-11 28 14 -40 -8 33 40 7 -9 -20 -31 2 25 -4 18 20 -28 -22 -26 -35 -29 -21 37 -23 -19 12 -32 22 -3 -18 -24 -17 0
-5 -25 24 1 -24 7 -20 -33 18 13 -8 -36 -19 -16 19 27 23 -22 -7 -31 -11 33 -27 -35 9 -18 14 36 4 -21 22 -26 0
3 -18 35 -31 29 -9 39 -34 -40 22 -1 -4 -30 -7 1 9 -33 -35 -36 19 33 6 23 -10 -15 7 -26 -25 -37 -20 24 30 0
7 -18 24 36 26 -1 32 37 3 5 -12 21 -26 -11 35 -25 9 30 -32 10 -9 -37 8 1 12 11 4 -31 -38 2 16 -33 0
31 2 12 -39 6 -11 -22 7 -19 4 39 11 -33 8 19 -27 -16 26 3 24 9 -4 15 30 13 38 27 29 -9 -24 -10 34 0
-21 25 39 1 19 26 -24 -23 -26 -14 -37 22 4 -9 2 -11 -12 10 28 -17 -19 3 -36 30 8 27 17 38 -6 -29 -1 -27 0
-2 23 20 39 -30 26 34 -38 30 -34 1 -13 -18 17 38 19 -39 -27 -40 -28 -29 32 -33 40 -16 4 -35 15 -15 -20 -26 3 0
21 35 -23 -18 34 10 18 -36 9 -33 -39 26 -7 -15 24 39 36 30 33 14 -8 -30 4 32 -35 -12 -32 -16 22 -29 3 -24 0
28 -14 -18 32 -7 -37 8 23 38 -30 -21 -40 24 31 13 -19 4 25 26 14 2 10 -25 18 -39 16 -16 1 -11 -10 -3 -2 0
-26 5 21 -3 -28 -40 -1 -6 6 26 4 -33 35 37 29 25 32 1 -12 38 36 19 -35 -2 -36 27 -18 -14 -38 12 7 -23 0
-35 -26 32 -20 39 -11 38 27 -10 -15 2 6 -39 -31 1 -28 18 29 -34 25 11 9 31 20 3 12 -21 -14 -33 -12 19 -2 0
27 -7 -4 39 -2 28 -8 7 -19 36 -18 32 24 20 -12 -24 -13 38 -11 -37 35 4 -17 17 -1 12 10 -20 -27 -3 21 26 0
12 -32 -10 -2 7 -4 -3 -9 19 -19 3 37 4 -33 -1 1 2 -15 18 17 5 -35 -39 -17 -38 36 8 -28 39 -30 -24 -40 0
35 39 34 21 10 -21 -36 -32 3 36 7 -15 -31 -20 -38 16 -6 17 30 27 -7 -26 -19 -37 -16 6 11 29 19 -29 24 -23 0
14 37 7 -4 -20 10 11 40 19 13 9 32 36 -30 16 -16 39 -26 28 22 -19 33 -12 5 24 3 12 -15 -32 -2 29 -23 0
1 13 11 28 9 36 24 -31 -39 -29 17 33 27 20 2 -27 23 37 -11 -7 -37 21 -23 -5 -14 -10 4 22 15 -1 -17 34 0
29 2 31 -35 10 -5 -15 24 25 -7 -22 15 -27 -29 30 -20 -28 3 27 -17 19 -3 39 -11 38 7 34 -31 9 -9 32 13 0
21 1 -36 -4 -24 -38 24 -35 -37 22 -25 -7 -1 -5 -19 35 -10 13 8 38 28 2 32 -16 23 40 36 7 -33 15 -11 -26 0
30 -40 21 -15 -2 -26 -39 37 29 -30 -11 -1 8 11 6 35 16 18 -31 14 23 15 31 -23 -36 -3 20 -33 -10 1 38 -7 0
10 -14 19 40 -20 -12 5 9 -10 14 -39 -6 -18 16 -1 7 -19 -25 37 -5 18 -26 -23 3 30 6 -15 -37 -38 -29 20 -33 0
-1 -40 -27 -11 -16 -24 -18 18 34 27 29 19 37 35 16 25 5 -4 10 40 3 6 17 7 -38 24 -13 -10 32 -2 -36 39 0
-37 -8 7 -19 -29 23 11 -40 -24 10 37 -32 25 24 3 -3 -15 -4 31 26 8 -35 6 2 17 -1 22 18 -12 29 1 -2 0
-26 -36 -5 15 -32 8 -38 -35 -20 9 16 3 -2 -12 -7 -21 29 -37 18 32 -13 27 -11 14 -16 -8 -22 25 -31 -34 -10 1 0
6 32 -33 3 -17 -18 -1 11 -11 -25 36 -19 -8 22 39 1 34 21 -40 8 25 28 -22 -10 23 -30 -34 30 -14 33 -21 -9 0
7 12 -29 26 -14 -26 1 25 -23 34 17 29 24 -7 13 -18 6 22 14 19 11 20 -36 -16 30 -4 -20 18 -35 9 39 -21 0
4 30 -9 3 27 25 14 -17 -10 -21 -3 35 -11 33 39 32 -22 -5 -19 -26 21 -32 -38 -33 28 -25 9 -1 19 2 -30 -12 0
-39 19 23 2 -4 -14 -3 -12 -29 21 27 29 6 4 -35 3 40 -26 -17 -33 34 -38 39 14 -9 35 -25 11 -15 28 -31 12 0
-12 -6 -18 -30 5 20 -8 2 19 -15 31 -1 14 -28 25 -19 -20 24 -39 -7 -26 37 27 28 13 -17 -37 26 38 -22 22 -33 0
-9 30 -16 -27 -18 -2 -36 19 23 29 -39 4 -22 36 11 35 -10 9 3 -29 -34 -23 -7 6 -14 33 -3 -31 -35 37 21 10 0
22 -32 -25 39 37 21 -37 -16 -11 20 5 38 -12 15 -14 40 -15 7 -8 -35 36 14 -2 19 -38 -18 -5 30 -27 -29 4 -3 0
4 -30 -29 -8 -37 1 37 13 -18 11 7 -32 -16 -1 -12 18 8 -14 22 -19 2 15 29 39 -17 -21 -22 -24 17 -26 5 38 0
13 -28 -8 6 -36 25 -19 -40 -35 40 27 12 -14 32 -15 9 -16 -12 36 -3 -25 20 -39 18 -18 -27 -9 1 39 21 -33 -24 0
28 3 33 40 -21 -15 23 -33 39 11 -1 24 2 10 -22 -39 8 21 -27 1 25 -19 -3 17 -13 38 37 12 -30 29 -12 -40 0
13 -6 -40 4 -18 24 17 34 32 -36 40 -23 -21 27 28 -29 -39 1 -14 -31 -35 35 -10 -16 -4 -15 39 2 -19 23 12 -9 0
-39 38 25 15 28 10 -9 27 -40 9 -32 -19 22 -8 12 34 -5 -26 29 -30 -35 7 -33 -24 31 -4 -2 -6 -29 6 8 23 0
25 38 9 -24 -33 21 -9 19 15 -37 13 24 17 -20 22 34 39 -38 -8 7 -10 -14 31 11 8 32 33 -21 5 -2 14 40 0
18 -8 -10 16 34 15 14 20 24 17 -33 -28 -1 37 -26 9 -9 39 -25 7 19 28 5 -27 22 -5 29 11 27 2 -24 40 0
-36 23 33 34 32 10 -2 -4 19 30 -9 -3 -38 12 14 -35 -31 13 31 -12 2 -23 5 -24 9 -11 -33 -32 -27 15 -5 21 0
-30 -28 6 37 25 38 36 12 23 17 18 11 -39 2 -11 -35 3 -9 -36 31 39 19 21 -5 -7 9 -10 27 -31 10 16 -3 0
10 17 -8 27 -38 -37 4 -20 40 -21 14 37 32 -5 5 24 -24 25 19 -4 1 -33 16 2 15 -13 -7 -1 18 26 -32 -22 0
-16 14 -7 -4 37 17 -39 3 22 -14 16 9 1 18 -6 -34 -40 13 32 -36 5 31 -37 35 19 -26 15 -5 -35 27 36 -21 0
24 20 12 -28 13 36 -12 4 -14 -4 -3 -24 21 31 -2 3 -10 18 40 -9 2 -34 9 -18 39 16 17 -40 8 34 -37 35 0
-40 6 15 22 -33 16 38 3 -3 -7 -19 11 -6 1 20 26 -20 -8 -39 37 -17 -36 -9 -34 -18 29 24 36 -23 -11 -14 25 0
-7 -10 -21 2 32 24 33 19 26 -36 37 -20 40 28 16 -38 -28 -15 18 -33 -14 27 -19 -31 31 7 10 9 -17 -22 17 35 0
10 -32 -3 -30 39 36 -10 -34 -9 -15 13 -19 -21 35 -5 18 -8 -24 -17 -23 12 9 3 14 29 -6 7 -4 20 25 1 31 0
-32 -28 -6 11 -14 -33 14 12 -30 -13 -1 37 27 22 5 -19 32 16 8 -39 28 -25 36 -7 -37 19 25 2 -40 -5 -9 34 0
-7 35 1 16 -34 -32 19 -1 22 -21 -4 -10 -12 28 -18 24 25 5 -9 -24 8 32 23 27 20 -15 -3 -28 15 -33 17 -11 0
39 -34 -17 30 -3 -27 -29 -35 2 -11 5 9 -21 1 -39 -40 -5 40 11 15 -4 -22 -37 20 22 -15 32 24 -7 6 -18 26 0
-20 -19 33 -31 1 11 -40 28 38 4 34 -10 -26 -35 -37 -6 18 -24 -33 -12 -39 7 -21 -29 10 24 30 25 40 8 29 32 0
5 -34 6 2 -15 8 -9 21 36 -39 -7 30 -33 -38 -26 -3 38 26 40 27 -31 -19 -23 -17 -20 13 -35 19 -28 -25 -1 10 0
18 28 40 34 -27 -20 -17 15 36 -33 -5 -19 -15 -29 -1 19 21 6 20 31 -8 39 -12 -31 27 38 17 37 -39 -25 -16 -7 0
-1 -18 -23 -14 17 -25 10 39 -12 -8 -40 25 -32 -31 21 -5 7 -2 36 24 5 -36 -20 29 4 37 1 -3 -17 -27 11 40 0
-1 15 3 29 5 7 -4 -29 -12 -5 -26 35 4 31 -33 -31 -3 11 -28 19 26 -22 -27 22 27 -6 24 39 -40 9 16 -30 0
5 -3 -38 -16 30 -12 6 -14 37 -21 28 -32 27 20 18 23 26 34 -30 -5 -33 -6 38 9 29 -25 35 -35 -24 -9 -19 24 0
6 -36 33 20 37 12 26 11 23 19 -21 -18 34 -34 -39 30 5 1 -11 -22 40 13 -14 -40 8 32 18 -30 27 -6 15 -38 0
31 -25 -28 -34 24 -33 14 26 34 33 -5 -39 23 28 -6 16 27 21 -11 -26 -4 -12 19 4 -2 40 -19 -9 -13 -17 -7 39 0
-14 -2 30 -1 37 -20 -39 -18 39 4 -5 -7 -36 26 10 28 -34 24 -28 -21 35 22 1 -13 -35 36 31 -22 -27 -25 -26 -30 0
16 39 40 -36 -33 -23 23 24 13 -30 3 -15 8 28 -14 9 10 -12 -18 -20 -34 33 27 7 -35 18 -40 -9 -25 -28 35 -4 0
-37 -7 40 24 -32 -6 39 -13 -8 11 1 -21 6 -23 -19 19 -29 -4 -35 25 10 -12 -20 -30 -33 -27 37 -31 26 -2 33 -9 0
29 4 27 31 -14 -4 35 14 -5 -18 24 -11 -31 -7 -35 40 -17 -10 -21 33 8 -40 -1 21 -36 10 22 6 -22 26 1 -28 0
9 7 11 -33 27 -27 -13 -34 15 -39 23 16 -15 -12 -40 38 32 -11 1 -7 -4 -17 6 -6 -18 -3 22 -20 3 17 4 -8 0
-28 9 12 -24 -10 14 10 -25 34 3 28 36 33 -34 -40 -15 31 -22 21 2 -13 -33 40 -3 23 24 32 -32 -5 11 13 -12 0
28 23 -13 12 30 -26 33 -40 -25 -7 40 1 36 -32 -37 -9 -31 8 -3 -35 22 5 -22 35 -8 -6 32 -5 15 4 6 7 0
-16 3 -6 31 35 -7 -1 2 -8 7 -34 34 22 -5 -19 6 -4 -3 25 30 18 -15 28 -32 38 12 29 -17 -30 -23 16 13 0
-6 30 -17 15 4 -11 37 3 -9 -38 14 -18 29 -2 -15 13 24 -37 -19 6 -40 38 33 21 -33 16 -20 -12 -4 8 -21 -32 0
-25 22 14 3 11 -1 5 13 12 34 39 19 -23 -40 9 33 -28 35 -7 16 -39 29 -34 15 -4 24 31 37 -14 -22 -21 -12 0
12 -9 11 -22 -7 39 33 -2 8 4 -14 -5 26 -39 16 -10 -35 32 6 -31 -15 37 -3 14 -26 -32 10 -38 -34 5 -18 38 0
-7 -17 -30 -34 -20 33 -39 8 -24 -8 -31 -6 -38 34 9 11 -11 -21 29 -16 -28 14 12 -12 7 5 6 4 25 -18 30 19 0
-36 -39 -40 -10 32 16 3 -27 -34 -9 12 27 -35 10 37 -29 -4 33 -30 38 -1 9 6 31 39 21 14 1 15 23 -14 -2 0
-34 18 26 23 -30 -1 -36 21 -2 27 -8 -24 1 39 28 15 -17 -12 -39 3 7 -27 -10 22 38 -37 31 9 34 -11 -23 19 0
3 -36 -30 -20 -12 12 -14 -28 -26 -39 25 -11 -17 26 32 -1 11 21 15 -21 -5 -6 -33 -18 -27 9 -31 37 -4 -7 33 29 0
-26 40 26 -38 -34 7 38 -23 -18 -8 -31 1 -13 29 -28 5 30 25 24 19 4 2 13 -24 -6 6 3 -27 27 14 16 -12 0
13 -22 8 28 -16 -7 -26 11 33 -23 2 -4 -32 15 36 21 -9 18 20 37 17 14 38 -2 25 -37 -1 -21 16 39 -27 5 0
-3 12 1 28 14 -15 22 13 -17 29 -24 -27 37 -7 -11 -1 -29 30 15 -33 23 39 36 17 -31 27 -25 40 9 -40 -22 38 0
35 38 25 -5 -1 5 23 32 -12 -40 28 -6 -14 15 27 -34 33 -36 -18 -30 -9 -26 4 39 -15 -17 -3 -28 36 -24 37 -29 0
-24 38 16 -39 5 18 13 25 29 -22 -40 -6 -28 -2 31 -35 9 -5 15 24 -33 22 30 -21 -38 -13 7 4 33 -31 -37 -32 0
-19 -20 15 -6 -13 19 38 18 -21 16 35 -35 14 28 -7 -28 -25 33 27 -4 3 -31 -26 -34 -23 -40 34 30 -9 26 -38 -36 0
-14 29 21 -17 -38 -26 15 -33 28 -2 -12 -23 -6 36 7 24 -27 -3 30 -5 -30 -28 37 4 -21 -16 20 -29 14 18 -15 8 0
-15 -11 -18 -16 14 -9 -2 -34 17 35 -30 -13 15 -29 31 -5 1 -7 -35 2 -27 7 -28 -17 -4 34 4 30 -19 -1 -23 38 0
-28 19 -22 -29 -17 -37 14 -21 35 18 -20 32 -32 -8 25 11 22 -30 -1 10 5 -26 -4 -25 -3 -15 23 -2 30 -39 -12 37 0
-7 -30 -8 -10 -22 -37 21 -26 -1 26 31 -6 32 13 15 24 -19 20 -24 1 23 12 -2 38 -29 -17 -38 5 -39 11 -12 -40 0
10 -9 -28 -12 14 40 5 37 21 12 -30 -24 -19 -27 -33 25 -23 15 -3 26 -13 20 -1 3 -11 -26 -36 -4 -18 -17 -2 22 0
9 36 -3 21 12 31 -7 -36 -27 -37 40 17 29 13 -28 25 -5 3 -10 -32 -17 -11 -15 7 26 -24 -30 37 -21 -12 -39 -31 0
-11 -17 -23 32 -24 24 34 33 21 30 13 22 -21 10 -32 -31 4 -26 9 29 26 -16 27 7 -35 -33 40 6 2 16 19 1 0
7 1 18 27 16 -34 23 -39 -11 34 17 -12 12 -40 -19 11 -31 35 9 -36 -29 -4 -14 -3 20 -15 -1 37 -26 26 -28 -35 0
-21 23 40 -24 13 -8 19 -23 -6 10 7 -25 39 -15 27 -31 35 29 -12 -38 14 6 -28 30 -32 1 -29 -2 -1 -9 -22 -3 0
-38 37 -39 39 22 -37 -1 32 20 18 -6 -23 -27 15 -21 -7 -33 -29 -34 30 28 36 3 13 16 -16 33 25 -25 21 -11 -3 0
-5 29 25 -18 15 -6 37 -29 36 19 31 -25 30 -13 -19 13 27 -15 9 7 24 -39 -1 -7 14 -4 35 8 12 -33 26 28 0
9 -11 29 -2 -12 20 12 15 25 6 -15 27 21 3 -24 39 8 23 40 35 -23 31 -20 11 34 -18 -19 -22 36 13 7 14 0
-22 -12 25 15 -32 -39 20 40 -10 -21 5 19 8 33 10 22 -8 -16 -38 37 -20 -31 13 7 -15 1 -13 34 4 -19 9 3 0
8 28 -4 33 -12 -39 -32 -15 -10 12 4 -40 24 10 25 -37 13 34 -18 20 -29 -36 -9 23 31 -38 -1 -26 15 16 26 21 0
9 -22 6 -14 -1 -33 -27 -32 -11 34 -24 10 40 30 -35 -12 36 21 28 2 -4 1 3 -36 19 -10 27 7 25 5 -3 -23 0
-3 31 14 -35 24 -28 -15 -33 23 7 35 6 27 28 4 9 -13 1 26 18 20 36 12 -38 -16 19 16 32 -22 39 2 -30 0
-19 25 -32 -17 6 18 -22 11 -26 -27 -25 -15 -8 35 36 -37 -35 -1 32 17 -16 30 8 24 -33 -29 10 -11 23 -12 -7 20 0
31 40 -19 8 -13 9 -1 27 -31 -40 23 -6 -23 18 -26 -10 33 -4 -27 2 -24 32 -29 -30 7 17 -12 39 -21 -8 -5 37 0
31 4 -13 -22 -21 30 37 -14 13 22 36 39 -1 -33 -18 -26 -6 33 8 21 14 -24 32 2 16 -7 34 -2 -8 -17 -5 -32 0
9 -27 -5 22 24 38 -8 32 36 35 -10 -34 21 12 -21 -22 28 -25 -35 -24 -26 17 25 -29 -2 26 7 37 -11 -19 -12 -40 0
4 -36 5 26 -12 -18 -6 -37 23 -4 -21 7 11 40 33 -35 13 -31 30 9 -8 10 18 -29 6 -23 -34 24 35 31 -5 -38 0
-33 -37 3 35 18 -15 1 7 -40 28 -32 -34 -27 34 16 -3 -38 -17 5 39 -29 40 9 -8 -20 26 6 -14 24 32 2 33 0
9 -30 2 20 -6 5 8 7 -28 -22 27 34 -15 4 35 -40 -7 3 -27 -4 -17 37 -3 40 -19 -18 -10 -20 33 31 6 -1 0
-13 28 -21 32 -4 -19 -2 34 35 22 40 -30 29 -23 19 -33 1 -22 6 5 -26 -29 -3 -35 11 -11 -20 -16 -24 33 30 27 0
5 -6 4 -38 -28 22 -31 -3 40 -24 -35 -32 21 -21 11 39 28 -15 -22 6 -4 17 14 36 -20 -1 -18 3 7 -13 19 8 0
23 -24 -3 -15 14 22 17 -25 -29 2 15 -9 32 -17 -1 33 24 -2 -31 -37 -27 -34 -5 40 9 38 -30 11 -20 19 36 -32 0
32 -9 -2 29 40 8 -13 -20 33 -39 -33 -40 4 -32 -17 -29 -6 27 23 14 -38 28 -34 10 -23 -26 26 5 34 -3 -11 -8 0
-24 18 -36 -18 3 11 -13 -11 30 -34 33 32 -2 -17 -5 29 -23 34 -14 -32 36 15 14 -26 37 19 -15 6 24 -33 -27 7 0
18 2 25 -1 -2 20 13 -3 39 38 -19 -10 -18 -28 -7 9 -21 10 -9 -13 15 27 22 -27 -24 36 1 31 -12 -33 11 -40 0
27 22 21 6 -1 19 -32 -38 7 9 38 -34 8 15 -9 33 -7 3 -26 -4 20 2 -20 -28 23 -8 -36 -40 13 -31 28 10 0
-24 -33 29 8 -39 27 -4 1 21 14 35 13 -27 -8 7 -18 -17 -1 -9 -16 -29 -19 -10 -12 26 -20 38 -22 -28 -21 20 10 0
38 32 20 30 39 1 18 -26 15 -34 5 -2 -22 -17 35 -13 -18 -7 -35 -6 16 -11 23 -12 24 -32 13 -29 -3 4 -33 34 0
37 -34 30 -9 28 -16 36 32 -29 24 -27 -35 22 17 -32 -33 1 -3 -11 12 -19 -36 -18 -40 -23 -20 -21 27 19 6 -12 38 0
-5 -32 13 9 27 -11 22 19 35 -3 -1 -12 32 21 -29 15 34 -28 4 3 -36 -20 16 -40 -24 -38 -2 30 -15 8 -25 2 0
-31 15 -13 20 19 -37 27 -24 -8 38 -11 2 14 25 28 7 -19 -15 5 -16 33 17 -6 -23 -29 -36 -9 11 -32 -14 1 32 0
-37 -26 12 -10 -15 6 -11 -29 -17 -12 -21 27 -23 11 35 -33 13 19 -16 2 -8 4 -3 31 -22 26 -9 -4 -20 1 20 25 0
23 29 -2 1 19 4 12 -32 2 22 -28 -34 40 -26 -40 34 21 9 27 -1 -20 31 35 -37 3 10 -18 -22 36 -19 -3 -9 0
-8 -7 -11 38 13 22 -5 -14 -24 3 -26 -39 -17 18 -31 27 -28 36 28 30 -20 -35 31 24 -34 20 -12 -9 4 -18 2 19 0
-40 22 6 34 -34 -21 12 -30 -17 -20 25 33 -1 7 -11 -36 35 -19 13 -22 -37 37 38 -29 -31 26 -35 29 -13 15 4 40 0
18 -12 21 -9 -38 37 -10 -7 -4 -29 -2 -28 10 4 33 -15 15 -19 -25 35 -11 1 -32 -21 -17 -40 -16 9 36 19 -8 -13 0
17 -37 14 22 -5 13 29 -35 -3 -39 -1 -33 -29 -24 -14 7 39 32 -10 -7 9 -36 27 -31 -27 31 1 21 15 34 -17 18 0
15 27 37 39 -34 2 38 -38 -12 -9 -28 28 25 -23 4 13 -18 8 -13 23 -21 -5 -39 -2 21 -35 -1 32 1 -3 35 18 0
10 6 -20 20 -30 12 11 -14 -36 -7 1 -6 13 38 -27 -16 37 -21 -28 -24 5 19 27 -39 23 -33 -12 -23 22 31 24 -4 0
2 9 -9 38 36 -27 26 -16 21 28 -21 20 -40 -23 -30 32 13 33 -12 7 -8 14 -7 -20 35 37 -15 15 -19 25 -39 -32 0
-14 24 -19 -15 -32 37 23 -20 35 -11 15 1 -35 -5 10 -7 -10 -12 -1 2 -38 -25 -13 -29 30 26 -21 36 14 -6 -4 -3 0
31 -28 -21 -29 19 32 -23 -38 9 1 10 14 6 28 30 18 21 39 23 5 26 -7 4 -20 -5 -8 40 -9 -40 8 24 34 0
7 28 -19 -24 -21 -13 -2 -11 24 -20 -17 -9 29 -34 23 -35 -4 19 3 -30 -32 -7 -8 16 -29 -31 9 40 12 20 35 13 0
22 -5 -14 -32 -6 15 -33 -17 24 30 4 3 -21 -27 -28 5 -25 17 -30 -36 -37 19 2 39 -38 -11 23 33 -8 9 -18 38 0
1 13 -35 33 -40 4 18 22 -31 21 -10 39 -16 24 -26 -29 -15 10 9 -17 29 25 -19 31 -9 -13 28 -5 12 -21 -7 35 0
17 22 -3 -33 2 -35 -29 4 20 -5 33 12 25 -30 39 34 7 -28 -14 31 13 -38 -31 10 8 -27 16 26 24 32 -12 -6 0
-37 -16 14 22 5 37 6 25 -40 -2 18 -19 -33 7 -15 -21 -23 -39 -6 30 28 -35 -14 33 -31 20 -13 -29 -27 27 -18 -7 0
-38 9 16 27 -27 7 20 2 30 38 -29 -22 1 8 -15 29 -31 37 -18 36 4 -6 -30 -39 39 -37 -36 -20 -35 -24 -14 26 0
17 25 -24 27 18 33 2 -40 -20 10 32 -38 5 39 19 24 -30 8 -11 34 36 -16 -34 -27 1 3 -26 4 -39 7 -36 40 0
-4 13 12 -22 -35 27 22 7 -13 29 -32 31 11 -21 23 -25 26 -11 5 -28 -38 21 10 32 -20 -9 -1 39 4 -19 -29 -3 0
-37 26 15 31 24 13 34 -34 30 -22 27 -33 -3 -12 -31 8 29 -24 -27 -2 10 3 -17 19 17 20 -9 -15 40 -38 -21 23 0
-13 21 16 -29 25 11 3 -18 -1 -27 5 -30 -20 -39 1 -24 -17 33 -4 38 -16 31 32 6 13 37 -19 -12 7 10 -8 2 0
20 34 -21 -20 27 -24 6 -8 22 12 13 8 -2 -17 -40 5 -16 -11 -9 32 -35 10 7 -28 -22 18 -14 26 -36 17 -29 -31 0
13 6 -36 1 -4 14 36 32 28 39 -33 9 -29 19 16 5 -18 -12 -23 -1 12 -22 7 25 -28 -9 37 35 -38 -25 15 21 0
38 -38 -8 14 23 -4 -13 -40 -32 -15 -1 26 4 -23 15 20 -27 -28 -17 -7 11 2 -36 1 17 -20 -34 -2 7 -3 30 -39 0
-2 22 29 -5 40 2 18 -26 -24 -36 -33 -25 -9 23 26 31 -15 17 -19 -8 19 6 -27 -32 -29 -40 37 -1 -11 -31 34 -39 0
-9 31 -5 1 -12 11 -33 -18 21 -2 -37 -17 -6 14 -1 28 8 -24 -28 15 3 -29 6 -40 -31 38 30 36 35 13 -39 9 0
-20 16 -5 14 -21 40 -27 -36 6 31 -9 -26 1 13 18 27 34 35 36 7 15 37 22 -35 -11 33 5 -17 30 -31 -28 -14 0
-8 22 39 -22 -21 17 7 4 13 6 -11 -40 15 -13 25 -28 -31 -32 -5 19 20 34 -37 11 -2 -26 2 12 27 3 30 8 0
20 26 -40 3 -6 32 38 -36 -15 -1 -22 -2 -21 16 36 -20 -33 7 -17 18 8 28 1 -13 24 39 31 34 10 -10 -31 -38 0
-36 -18 14 -33 -28 -24 -34 16 39 4 -25 -1 32 19 29 -35 -27 -6 33 -29 -10 25 12 2 7 10 -4 9 13 21 -32 20 0
31 37 1 -4 10 3 36 22 7 -32 11 -40 14 -30 40 13 -34 17 -6 39 6 12 30 -15 15 -16 -11 35 -2 -9 -12 -35 0
31 -33 -16 10 -3 17 -7 23 12 27 4 -38 35 6 32 -11 -12 14 39 -8 26 -28 -32 -9 40 5 24 33 37 3 -17 -23 0
-17 12 -35 37 11 -16 -33 4 -9 15 -31 32 -4 35 -26 29 -14 -22 -37 34 20 21 -20 -19 10 -30 -15 2 5 9 -2 -39 0
-13 12 -9 -39 -36 -26 4 28 21 39 -33 23 33 -35 29 -14 31 30 6 -23 -20 19 5 16 -3 -29 -25 -34 3 32 17 13 0
-35 10 -18 -3 -22 -13 -40 3 31 -28 -6 39 19 37 13 -4 33 26 25 -37 -12 -36 24 -1 -25 4 -7 5 38 -21 -10 -39 0
21 9 -3 -16 16 28 -5 -31 10 26 39 -7 36 2 -35 3 -11 -29 -6 -38 -37 19 17 -15 -18 5 -28 6 -24 -26 30 27 0
-9 36 -39 37 -4 25 18 12 -21 -8 33 10 27 -40 13 22 4 28 -33 -6 39 -30 -38 -1 16 6 -7 7 29 -11 35 40 0
17 -16 -33 29 -25 -6 7 -12 36 -18 -36 20 -23 -13 -19 13 10 12 -9 -15 14 24 26 -10 6 34 -14 -5 -31 5 21 40 0
-29 -13 2 -23 -38 -21 -17 13 -7 5 4 -4 10 -30 -31 14 6 17 -32 3 30 7 -10 16 -15 35 -6 -1 27 -18 8 18 0
-9 -5 14 -25 -8 19 -3 20 12 7 -19 -17 -37 -26 5 -30 4 -16 -40 29 -7 -15 -12 -22 37 23 13 21 -10 28 -13 24 0
28 7 20 -32 10 -20 34 14 -29 18 -5 -6 17 -30 -13 36 15 11 33 -27 -26 -22 -36 -8 5 -3 16 -11 -17 -10 39 -12 0
1 33 -19 32 -27 -25 9 34 10 -31 -17 -24 -36 -3 -5 7 16 21 -35 -12 18 -30 -15 39 -9 4 8 -38 27 -1 -16 28 0
-40 5 -20 30 -28 -38 -17 -16 -10 4 9 10 -2 32 -25 2 16 18 39 3 -4 6 31 7 -1 -34 -30 -33 17 -32 25 34 0
8 35 37 1 -27 -30 -31 -16 -26 -4 -38 -28 13 -10 21 -2 20 -15 -24 -34 22 -3 4 5 -23 38 -35 -1 30 -5 31 -13 0
-11 31 -9 29 -15 -37 -19 -24 14 12 25 33 -21 10 -10 20 -36 -23 -17 -34 34 22 -5 4 28 -32 26 8 2 39 -25 -16 0
3 11 4 -17 33 -3 34 -30 40 21 27 -40 -19 -32 24 -39 -20 32 -4 -27 -35 -8 -7 14 28 -29 15 29 25 17 19 20 0
23 34 -11 3 -32 39 40 -14 -26 33 -17 12 31 -16 30 -10 10 9 16 -29 20 19 -22 -28 -37 -38 -31 -12 -2 -23 -30 -21 0
6 24 36 16 18 3 -30 -22 22 33 25 -37 -23 32 38 40 26 13 -12 7 -10 4 -15 37 39 5 34 -19 -26 -11 15 20 0
-36 -37 -10 22 -13 -24 -1 -30 -29 3 -32 20 40 1 25 -40 19 -7 -25 36 38 8 37 39 -28 17 6 -5 2 -18 21 -3 0
4 -17 31 6 37 16 29 -27 14 -19 30 -37 -35 5 -26 -15 12 3 -11 -14 33 -39 22 18 -1 -9 -21 -22 -24 -6 -36 40 0
6 8 33 37 -21 -19 -30 40 10 38 39 20 -31 -1 -14 22 12 -36 -5 -35 1 11 -40 -10 9 -37 -20 4 25 23 36 -22 0
-30 2 1 -16 -28 25 38 -9 34 -23 -36 -25 5 33 26 12 21 -15 -34 -33 40 14 -2 18 10 20 8 39 -21 -10 30 4 0
-13 -40 -25 39 -33 -23 -8 -6 15 -36 -15 -27 10 7 -35 -3 24 2 -32 -20 -2 -38 -39 36 28 4 3 18 -21 22 40 37 0
-22 -37 -31 -11 -5 -3 -33 35 16 -19 10 3 28 -7 -34 25 9 31 -28 -29 -2 27 1 -15 -36 24 29 -16 38 -12 -10 -13 0
-11 -19 30 -3 -18 -5 -22 15 -26 31 37 16 9 -25 18 -40 10 -27 19 -38 -30 13 4 -36 20 -7 27 38 21 6 -10 -15 0
28 -5 -21 29 -15 33 24 -14 -34 20 -35 -13 4 18 26 13 32 -3 -6 39 6 -10 -30 27 3 -27 30 -11 37 25 15 -18 0
-19 38 -28 39 -5 -3 -1 -22 -30 21 27 15 -40 31 30 -9 12 8 -36 36 -2 28 10 29 7 20 -7 -31 -18 2 32 40 0
7 -36 16 -7 27 -34 11 33 40 18 17 10 39 -10 23 15 -31 -20 -38 -6 20 21 32 26 -1 6 24 -33 -9 -27 -4 -19 0
26 7 13 -8 22 24 -5 -1 14 23 -9 32 37 3 21 -11 1 -25 -3 -34 -26 -31 2 -33 -19 25 34 27 -27 12 -10 -18 0
-13 -36 25 -12 -8 -26 1 -19 -16 16 37 13 24 -3 -10 -30 -25 32 35 28 12 -22 2 36 -40 -14 33 -9 4 -5 38 -11 0
-25 17 19 -28 -6 -33 38 -18 11 18 -22 37 5 35 -30 12 -14 16 -23 23 14 -16 -10 -2 -1 3 -34 25 -4 2 8 -13 0
39 20 -20 23 -35 -27 -31 -7 18 -23 11 -18 5 -38 27 -29 -6 17 -14 -3 -13 22 -2 -9 25 -34 14 -37 -22 -5 29 26 0
-16 -36 -24 38 30 -5 4 32 36 -33 15 -17 -20 28 22 -26 -22 -29 16 18 7 -7 21 -27 -10 23 -6 -39 -14 29 -2 3 0
-12 13 -39 -26 -20 3 37 32 -8 -7 29 -9 -18 33 -11 35 -34 12 -32 -1 28 20 17 -21 -37 25 22 5 11 -40 -33 -3 0
-14 8 -3 19 -30 24 22 -19 9 3 -7 -39 12 -36 -18 29 21 -13 -17 10 -24 1 -34 40 -12 -20 16 -22 -9 33 -40 20 0
40 -12 39 14 28 -26 35 13 1 -19 11 -14 3 7 22 -7 5 -38 -27 16 -32 17 -33 29 -4 -20 -13 -34 27 -18 23 -28 0
-34 -30 34 -31 15 32 -7 -4 14 -35 -11 5 -8 38 -38 -17 -22 13 -5 35 12 -24 -32 1 -3 3 -6 -13 -23 -29 -39 33 0
13 -3 12 -4 -36 -18 -22 10 -16 27 -15 21 7 -24 -32 -38 35 8 32 33 16 -37 -2 -10 -5 -9 20 39 -26 -33 30 37 0
18 37 8 36 -27 34 -19 -20 9 -30 -8 -2 11 -4 -11 7 -26 19 -31 -10 21 5 20 -5 -12 -25 13 -32 -15 -6 28 12 0
-7 -25 -18 -30 -26 13 16 34 -40 30 9 20 8 6 19 -19 -32 33 7 -5 22 10 4 -15 14 -21 31 38 24 -14 -2 -33 0
-9 -33 -19 15 31 -7 -24 27 9 22 -13 -11 -29 -21 2 32 28 26 14 1 29 -15 -6 -16 -40 20 -20 16 -4 -10 17 12 0
3 35 17 -6 -28 20 -23 27 10 30 15 -5 39 22 -2 -31 18 -34 -40 -12 -30 -39 26 40 34 36 -26 4 9 -9 38 -17 0
-3 20 28 21 14 -15 -18 38 -21 33 -36 -37 31 -10 -14 2 40 9 11 -9 34 37 -35 -12 22 -32 -27 -30 26 -39 -34 -22 0
10 13 28 -28 -31 -14 1 27 34 -7 -24 15 -21 -8 -16 -6 39 -38 -5 14 7 -11 -30 -18 16 19 2 -36 -10 4 20 -35 0
14 25 -32 -5 7 -27 21 34 -14 29 23 38 39 -4 -9 28 15 5 12 -34 -38 13 -1 -21 -7 10 20 -11 -20 3 22 -39 0
-18 -21 -25 -11 27 2 -24 -14 37 3 -19 18 -4 -37 -1 -34 6 20 13 30 11 1 38 21 -17 -2 12 9 -29 -6 26 -27 0
-2 39 -35 -4 -5 2 10 17 -33 34 -39 21 -26 40 -21 -34 -7 31 -37 23 -16 -27 -17 26 36 1 14 13 -38 -22 3 25 0
18 30 -13 8 -12 35 -1 -24 -14 -10 31 15 -4 17 -8 3 22 36 16 -21 1 38 -39 -38 -2 25 7 -7 32 -18 -32 -40 0
30 25 14 -12 -25 27 12 -8 4 33 -28 -22 -17 -29 16 -16 29 5 -15 -38 -20 -21 -36 13 15 28 8 -30 19 -34 -18 18 0
23 7 -35 -15 -28 -22 16 -33 -17 -25 3 -2 -31 18 -29 11 22 12 -20 -21 -34 38 15 -8 -16 1 -39 -26 4 -36 -1 -37 0